      378	2026-08-01 09:25:06	1	0	3	0
      405	2026-08-01 09:28:50	1	0	1	0
      405	2026-08-01 09:29:00	1	0	1	0
      428	2026-08-01 09:29:12	1	0	1	0
      424	2026-08-01 09:29:33	1	0	1	0
      378	2026-08-01 09:32:21	1	0	3	0
      396	2026-08-01 09:33:59	1	0	1	0
      396	2026-08-01 09:34:08	1	0	1	0
      399	2026-08-01 09:34:13	1	0	1	0
      378	2026-08-01 10:11:47	1	0	3	0
      378	2026-08-01 10:16:42	1	0	3	0
        1	2026-08-01 10:28:18	1	0	1	0
      378	2026-08-01 10:32:18	1	0	3	0
      378	2026-08-01 11:35:52	1	0	3	0
        1	2026-08-01 12:30:35	1	0	1	0
      428	2026-08-01 12:48:58	1	0	1	0
       75	2026-08-01 14:00:38	1	0	1	0
      405	2026-08-01 14:03:20	1	1	1	0
      424	2026-08-01 14:03:53	1	1	1	0
      428	2026-08-01 14:04:00	1	1	1	0
      396	2026-08-01 14:04:09	1	1	1	0
      396	2026-08-01 14:04:10	1	1	1	0
      396	2026-08-01 14:04:11	1	1	1	0
      399	2026-08-01 14:04:17	1	1	1	0
      378	2026-08-01 14:05:10	1	1	3	0
      378	2026-08-03 09:17:32	1	0	3	0
      363	2026-08-03 09:25:31	1	0	1	0
      428	2026-08-03 09:26:04	1	0	1	0
      424	2026-08-03 09:26:13	1	0	1	0
      420	2026-08-03 09:31:16	1	0	1	0
      396	2026-08-03 09:33:13	1	0	1	0
      396	2026-08-03 09:33:18	1	0	1	0
      396	2026-08-03 09:33:19	1	0	1	0
      399	2026-08-03 09:33:24	1	0	1	0
      378	2026-08-03 09:43:36	1	0	3	0
      405	2026-08-03 09:47:04	1	0	1	0
      405	2026-08-03 09:47:07	1	0	1	0
      378	2026-08-03 10:15:24	1	0	3	0
      378	2026-08-03 12:24:46	1	0	3	0
      378	2026-08-03 12:30:45	1	0	3	0
      399	2026-08-03 13:43:36	1	0	1	0
      428	2026-08-03 14:00:55	1	1	1	0
      424	2026-08-03 14:01:39	1	1	1	0
      396	2026-08-03 14:15:57	1	1	1	0
      399	2026-08-03 14:16:05	1	1	1	0
      428	2026-08-03 14:26:10	1	0	1	0
      424	2026-08-03 14:27:49	1	0	1	0
      396	2026-08-03 14:29:44	1	0	1	0
      396	2026-08-03 14:29:49	1	0	1	0
      396	2026-08-03 14:29:50	1	0	1	0
      399	2026-08-03 14:29:54	1	0	1	0
      378	2026-08-03 16:21:32	1	0	3	0
      378	2026-08-03 16:32:22	1	0	3	0
      378	2026-08-03 17:08:56	1	0	3	0
       75	2026-08-03 17:28:52	1	0	1	0
      378	2026-08-03 17:29:59	1	0	3	0
      378	2026-08-03 18:10:38	1	0	3	0
      424	2026-08-03 18:32:15	1	1	1	0
      428	2026-08-03 18:32:25	1	1	1	0
      399	2026-08-03 18:32:33	1	1	1	0
      363	2026-08-03 18:32:51	1	1	1	0
      405	2026-08-03 18:33:16	1	1	1	0
      420	2026-08-03 18:33:21	1	1	1	0
      396	2026-08-03 18:33:26	1	1	1	0
      428	2026-08-04 09:22:10	1	0	1	0
      424	2026-08-04 09:24:30	1	0	1	0
      363	2026-08-04 09:29:25	1	0	1	0
      405	2026-08-04 09:30:24	1	0	1	0
      405	2026-08-04 09:30:27	1	0	1	0
      396	2026-08-04 09:32:35	1	0	1	0
      396	2026-08-04 09:32:37	1	0	1	0
      396	2026-08-04 09:32:41	1	0	1	0
      399	2026-08-04 09:32:51	1	0	1	0
      420	2026-08-04 09:33:54	1	0	1	0
      378	2026-08-04 09:35:38	1	0	3	0
        1	2026-08-04 09:39:56	1	0	1	0
       75	2026-08-04 09:53:51	1	0	1	0
      378	2026-08-04 10:24:53	1	0	3	0
      378	2026-08-04 10:29:01	1	0	3	0
      405	2026-08-04 10:32:08	1	0	1	0
      378	2026-08-04 10:41:10	1	0	3	0
       75	2026-08-04 11:30:51	1	0	1	0
        1	2026-08-04 12:23:03	1	0	1	0
        1	2026-08-04 12:23:05	1	0	1	0
      396	2026-08-04 14:00:08	1	1	1	0
      396	2026-08-04 14:00:10	1	1	1	0
      399	2026-08-04 14:00:13	1	1	1	0
      424	2026-08-04 14:13:09	1	1	1	0
      396	2026-08-04 14:26:25	1	0	1	0
      396	2026-08-04 14:26:30	1	0	1	0
      396	2026-08-04 14:26:31	1	0	1	0
      428	2026-08-04 14:29:20	1	0	1	0
      424	2026-08-04 14:29:38	1	0	1	0
      378	2026-08-04 16:17:48	1	0	3	0
      378	2026-08-04 16:21:09	1	0	3	0
      378	2026-08-04 16:37:50	1	0	3	0
      420	2026-08-04 18:30:41	1	1	1	0
      405	2026-08-04 18:30:55	1	1	1	0
      424	2026-08-04 18:31:11	1	1	1	0
      396	2026-08-04 18:31:26	1	1	1	0
      428	2026-08-04 18:31:35	1	1	1	0
      399	2026-08-04 18:31:42	1	1	1	0
      396	2026-08-04 18:31:45	1	1	1	0
      378	2026-08-05 09:23:38	1	0	3	0
      424	2026-08-05 09:23:52	1	0	1	0
        1	2026-08-05 09:28:03	1	0	1	0
      428	2026-08-05 09:29:25	1	0	1	0
      363	2026-08-05 09:29:31	1	0	1	0
      405	2026-08-05 09:33:27	1	0	1	0
      396	2026-08-05 09:33:30	1	0	1	0
      396	2026-08-05 09:33:31	1	0	1	0
      396	2026-08-05 09:33:34	1	0	1	0
      399	2026-08-05 09:33:38	1	0	1	0
      399	2026-08-05 09:33:43	1	0	1	0
      420	2026-08-05 09:34:07	1	0	1	0
      378	2026-08-05 09:35:57	1	0	3	0
       75	2026-08-05 10:17:01	1	0	1	0
      378	2026-08-05 10:22:39	1	0	3	0
      363	2026-08-05 11:47:17	1	0	1	0
      405	2026-08-05 12:19:29	1	0	1	0
      396	2026-08-05 14:00:21	1	1	1	0
      399	2026-08-05 14:00:27	1	1	1	0
      428	2026-08-05 14:02:23	1	1	1	0
      396	2026-08-05 14:30:35	1	0	1	0
      396	2026-08-05 14:30:38	1	0	1	0
      399	2026-08-05 14:30:53	1	0	1	0
      399	2026-08-05 14:30:55	1	0	1	0
      378	2026-08-05 14:35:13	1	0	3	0
      378	2026-08-05 14:41:28	1	0	3	0
      378	2026-08-05 16:22:27	1	0	3	0
       75	2026-08-05 18:32:56	1	0	1	0
      378	2026-08-05 18:39:49	1	0	3	0
      363	2026-08-05 18:43:29	1	1	1	0
      420	2026-08-05 18:43:47	1	1	1	0
      399	2026-08-05 18:44:01	1	1	1	0
      399	2026-08-05 18:46:03	1	1	1	0
      396	2026-08-05 18:46:24	1	1	1	0
      396	2026-08-05 18:46:26	1	1	1	0
      405	2026-08-05 18:46:28	1	1	1	0
      424	2026-08-05 18:46:48	1	1	1	0
      378	2026-08-06 09:24:17	1	0	3	0
      428	2026-08-06 09:25:19	1	0	1	0
      420	2026-08-06 09:29:57	1	0	1	0
      424	2026-08-06 09:31:54	1	0	1	0
      405	2026-08-06 09:32:43	1	0	1	0
      405	2026-08-06 09:32:46	1	0	1	0
      399	2026-08-06 09:33:36	1	0	1	0
      396	2026-08-06 09:33:54	1	0	1	0
      396	2026-08-06 09:33:55	1	0	1	0
      396	2026-08-06 09:33:56	1	0	1	0
      363	2026-08-06 09:34:00	1	0	1	0
        1	2026-08-06 09:42:36	1	0	1	0
      378	2026-08-06 10:21:01	1	0	3	0
      378	2026-08-06 10:27:32	1	0	3	0
      378	2026-08-06 10:38:49	1	0	3	0
      378	2026-08-06 10:53:54	1	0	3	0
      399	2026-08-06 14:00:36	1	1	1	0
      428	2026-08-06 14:01:10	1	1	1	0
      396	2026-08-06 14:01:57	1	1	1	0
      405	2026-08-06 14:07:27	1	0	1	0
      428	2026-08-06 14:22:52	1	0	1	0
      396	2026-08-06 14:30:11	1	0	1	0
      396	2026-08-06 14:30:15	1	0	1	0
      399	2026-08-06 14:30:27	1	0	1	0
        1	2026-08-06 14:39:01	1	0	1	0
       75	2026-08-06 15:48:31	1	0	1	0
      378	2026-08-06 16:10:01	1	0	3	0
      378	2026-08-06 16:19:17	1	0	3	0
      399	2026-08-06 17:35:48	1	0	1	0
      399	2026-08-06 17:35:49	1	0	1	0
      399	2026-08-06 17:40:16	1	0	1	0
      428	2026-08-06 18:35:32	1	1	1	0
      420	2026-08-06 18:35:42	1	1	1	0
      424	2026-08-06 18:35:49	1	1	1	0
      405	2026-08-06 18:38:17	1	1	1	0
      396	2026-08-06 18:38:36	1	1	1	0
      396	2026-08-06 18:38:40	1	1	1	0
      399	2026-08-06 18:38:44	1	1	1	0
      378	2026-08-07 09:24:41	1	0	3	0
      428	2026-08-07 09:25:07	1	0	1	0
      424	2026-08-07 09:28:18	1	0	1	0
      420	2026-08-07 09:30:26	1	0	1	0
      378	2026-08-07 09:31:17	1	0	3	0
      405	2026-08-07 09:32:41	1	0	1	0
      405	2026-08-07 09:32:45	1	0	1	0
      396	2026-08-07 09:32:52	1	0	1	0
      396	2026-08-07 09:32:53	1	0	1	0
      396	2026-08-07 09:32:54	1	0	1	0
      396	2026-08-07 09:32:56	1	0	1	0
      396	2026-08-07 09:32:57	1	0	1	0
      399	2026-08-07 09:33:23	1	0	1	0
        1	2026-08-07 09:35:00	1	0	1	0
      378	2026-08-07 09:39:31	1	0	3	0
      378	2026-08-07 09:50:16	1	0	3	0
       75	2026-08-07 09:54:49	1	0	1	0
      378	2026-08-07 10:23:39	1	0	3	0
      378	2026-08-07 10:37:52	1	0	3	0
      420	2026-08-07 12:10:23	1	0	1	0
        1	2026-08-07 12:31:50	1	0	1	0
       75	2026-08-07 13:11:49	1	0	1	0
      396	2026-08-07 14:00:20	1	1	1	0
      399	2026-08-07 14:00:49	1	1	1	0
      396	2026-08-07 14:00:55	1	1	1	0
      428	2026-08-07 14:01:32	1	1	1	0
      424	2026-08-07 14:01:52	1	1	1	0
      405	2026-08-07 14:09:51	1	0	1	0
      399	2026-08-07 14:26:04	1	0	1	0
      396	2026-08-07 14:26:25	1	0	1	0
      428	2026-08-07 14:29:08	1	0	1	0
      424	2026-08-07 14:29:19	1	0	1	0
       75	2026-08-07 15:03:13	1	0	1	0
      378	2026-08-07 15:16:27	1	0	3	0
      363	2026-08-07 15:25:04	1	0	1	0
      378	2026-08-07 16:25:05	1	0	3	0
      378	2026-08-07 16:38:38	1	0	3	0
      363	2026-08-07 17:05:59	1	0	1	0
      378	2026-08-07 18:14:16	1	0	3	0
      363	2026-08-07 18:25:44	1	0	1	0
      428	2026-08-07 18:33:54	1	1	1	0
      424	2026-08-07 18:35:25	1	1	1	0
      420	2026-08-07 18:35:36	1	1	1	0
      405	2026-08-07 18:36:06	1	1	1	0
      396	2026-08-07 18:36:21	1	1	1	0
      399	2026-08-07 18:36:29	1	1	1	0
      363	2026-08-07 18:37:04	1	1	1	0
      428	2026-08-08 09:27:13	1	0	1	0
      420	2026-08-08 09:27:30	1	0	1	0
      420	2026-08-08 09:28:29	1	0	1	0
      424	2026-08-08 09:28:38	1	0	1	0
      405	2026-08-08 09:29:31	1	0	1	0
      405	2026-08-08 09:29:33	1	0	1	0
      363	2026-08-08 09:29:37	1	0	1	0
      396	2026-08-08 09:33:30	1	0	1	0
      396	2026-08-08 09:33:31	1	0	1	0
      396	2026-08-08 09:33:34	1	0	1	0
      399	2026-08-08 09:33:53	1	0	1	0
      378	2026-08-08 09:36:33	1	0	3	0
      363	2026-08-08 09:44:12	1	0	1	0
      378	2026-08-08 10:24:46	1	0	3	0
      363	2026-08-08 10:26:24	1	0	1	0
      378	2026-08-08 10:30:45	1	0	3	0
       75	2026-08-08 10:33:20	1	0	1	0
      378	2026-08-08 10:41:00	1	0	3	0
      378	2026-08-08 11:33:34	1	0	3	0
      396	2026-08-08 11:45:37	1	0	1	0
      363	2026-08-08 12:07:25	1	0	1	0
      378	2026-08-08 12:12:24	1	0	3	0
      378	2026-08-08 12:51:11	1	0	3	0
      363	2026-08-08 13:13:49	1	0	1	0
      363	2026-08-08 13:16:35	1	0	1	0
      396	2026-08-08 14:00:22	1	1	1	0
      399	2026-08-08 14:00:32	1	1	1	0
      428	2026-08-08 14:00:47	1	1	1	0
      420	2026-08-08 14:08:02	1	0	1	0
      428	2026-08-08 14:25:50	1	0	1	0
      396	2026-08-08 14:30:10	1	0	1	0
      396	2026-08-08 14:30:12	1	0	1	0
      396	2026-08-08 14:30:26	1	0	1	0
      399	2026-08-08 14:30:29	1	0	1	0
      363	2026-08-08 15:40:07	1	0	1	0
      363	2026-08-08 15:53:57	1	0	1	0
      378	2026-08-08 16:27:38	1	0	3	0
      363	2026-08-08 16:51:17	1	0	1	0
       75	2026-08-08 17:07:28	1	0	1	0
      378	2026-08-08 17:30:00	1	0	3	0
      363	2026-08-08 17:38:04	1	0	1	0
      363	2026-08-08 18:20:43	1	0	1	0
      378	2026-08-08 18:34:48	1	0	3	0
      420	2026-08-08 18:36:26	1	1	1	0
      428	2026-08-08 18:37:20	1	1	1	0
      424	2026-08-08 18:37:31	1	1	1	0
      363	2026-08-08 18:38:03	1	1	1	0
      405	2026-08-08 18:38:14	1	1	1	0
      399	2026-08-08 18:38:19	1	1	1	0
      396	2026-08-08 18:38:29	1	1	1	0
      396	2026-08-08 18:38:33	1	1	1	0
      378	2026-08-10 09:20:00	1	0	3	0
      428	2026-08-10 09:22:46	1	0	1	0
      424	2026-08-10 09:25:08	1	0	1	0
      405	2026-08-10 09:26:13	1	0	1	0
      405	2026-08-10 09:26:16	1	0	1	0
      420	2026-08-10 09:28:15	1	0	1	0
      396	2026-08-10 09:33:34	1	0	1	0
      396	2026-08-10 09:33:35	1	0	1	0
      363	2026-08-10 09:33:38	1	0	1	0
      399	2026-08-10 09:35:06	1	0	1	0
      378	2026-08-10 09:35:47	1	0	3	0
      399	2026-08-10 09:57:04	1	0	1	0
      363	2026-08-10 10:59:47	1	0	1	0
        1	2026-08-10 12:07:50	1	0	1	0
       75	2026-08-10 12:20:34	1	0	1	0
        1	2026-08-10 13:02:59	1	0	1	0
      428	2026-08-10 14:18:58	1	1	1	0
      424	2026-08-10 14:19:26	1	1	1	0
      428	2026-08-10 14:27:13	1	0	1	0
      424	2026-08-10 14:27:26	1	0	1	0
       75	2026-08-10 15:59:55	1	0	1	0
      378	2026-08-10 16:10:01	1	0	3	0
      378	2026-08-10 16:13:15	1	0	3	0
      378	2026-08-10 16:19:44	1	0	3	0
       75	2026-08-10 17:01:07	1	0	1	0
      378	2026-08-10 17:16:31	1	0	3	0
      424	2026-08-10 18:38:27	1	1	1	0
      405	2026-08-10 18:38:34	1	1	1	0
      428	2026-08-10 18:38:48	1	1	1	0
      420	2026-08-10 18:40:14	1	1	1	0
      396	2026-08-10 18:40:24	1	1	1	0
      399	2026-08-10 18:40:32	1	1	1	0
      378	2026-08-11 09:19:45	1	0	3	0
      420	2026-08-11 09:21:31	1	0	1	0
      428	2026-08-11 09:24:36	1	0	1	0
        1	2026-08-11 09:25:26	1	0	1	0
      405	2026-08-11 09:26:30	1	0	1	0
      405	2026-08-11 09:26:33	1	0	1	0
      424	2026-08-11 09:29:09	1	0	1	0
      378	2026-08-11 09:33:58	1	0	3	0
      399	2026-08-11 09:34:30	1	0	1	0
      399	2026-08-11 09:34:36	1	0	1	0
      396	2026-08-11 09:34:45	1	0	1	0
      396	2026-08-11 09:34:48	1	0	1	0
      378	2026-08-11 10:15:33	1	0	3	0
      378	2026-08-11 10:19:53	1	0	3	0
      378	2026-08-11 10:31:14	1	0	3	0
        1	2026-08-11 12:10:15	1	0	1	0
      399	2026-08-11 14:00:55	1	1	1	0
      396	2026-08-11 14:00:58	1	1	1	0
      428	2026-08-11 14:01:05	1	1	1	0
      428	2026-08-11 14:28:14	1	0	1	0
      396	2026-08-11 14:31:47	1	0	1	0
      399	2026-08-11 14:32:07	1	0	1	0
      378	2026-08-11 14:33:21	1	0	3	0
      378	2026-08-11 14:52:15	1	0	3	0
      378	2026-08-11 14:53:22	1	0	3	0
        1	2026-08-11 16:05:02	1	0	1	0
       75	2026-08-11 16:21:10	1	0	1	0
      378	2026-08-11 16:23:53	1	0	3	0
      378	2026-08-11 17:44:26	1	0	3	0
      424	2026-08-11 18:39:08	1	1	1	0
      428	2026-08-11 18:39:19	1	1	1	0
      405	2026-08-11 18:40:39	1	1	1	0
      420	2026-08-11 18:40:46	1	1	1	0
      396	2026-08-11 18:40:55	1	1	1	0
      399	2026-08-11 18:41:13	1	1	1	0
      399	2026-08-11 18:41:15	1	1	1	0
      363	2026-08-11 18:41:19	1	1	1	0
      378	2026-08-12 09:24:23	1	0	3	0
      428	2026-08-12 09:25:17	1	0	1	0
      420	2026-08-12 09:25:30	1	0	1	0
      405	2026-08-12 09:25:34	1	0	1	0
      405	2026-08-12 09:25:36	1	0	1	0
      424	2026-08-12 09:28:35	1	0	1	0
      396	2026-08-12 09:34:16	1	0	1	0
      396	2026-08-12 09:34:18	1	0	1	0
        1	2026-08-12 09:40:02	1	0	1	0
      378	2026-08-12 09:44:09	1	0	3	0
      378	2026-08-12 09:50:50	1	0	3	0
      378	2026-08-12 10:20:53	1	0	3	0
      378	2026-08-12 10:24:01	1	0	3	0
      378	2026-08-12 10:34:28	1	0	3	0
      405	2026-08-12 12:17:25	1	0	1	0
      378	2026-08-12 12:18:31	1	0	3	0
        1	2026-08-12 12:40:58	1	0	1	0
        1	2026-08-12 12:40:59	1	0	1	0
      396	2026-08-12 14:00:13	1	1	1	0
      428	2026-08-12 14:00:43	1	1	1	0
      420	2026-08-12 14:05:09	1	0	1	0
      405	2026-08-12 14:09:00	1	0	1	0
      428	2026-08-12 14:27:55	1	0	1	0
      396	2026-08-12 14:29:05	1	0	1	0
        1	2026-08-12 14:59:52	1	0	1	0
      378	2026-08-12 16:14:37	1	0	3	0
      378	2026-08-12 16:17:07	1	0	3	0
      378	2026-08-12 16:23:28	1	0	3	0
      378	2026-08-12 16:36:30	1	0	3	0
      363	2026-08-12 17:06:30	1	0	1	0
       75	2026-08-12 17:15:06	1	0	1	0
      378	2026-08-12 18:35:27	1	0	3	0
       75	2026-08-12 18:43:38	1	0	1	0
      378	2026-08-12 18:58:39	1	0	3	0
      428	2026-08-12 19:00:41	1	1	1	0
      424	2026-08-12 19:01:14	1	1	1	0
      396	2026-08-12 19:05:48	1	1	1	0
      396	2026-08-12 19:05:51	1	1	1	0
      420	2026-08-12 19:05:57	1	1	1	0
      405	2026-08-12 19:06:04	1	1	1	0
      424	2026-08-13 09:19:33	1	0	1	0
      428	2026-08-13 09:22:06	1	0	1	0
       75	2026-08-13 09:22:46	1	0	1	0
      396	2026-08-13 09:24:55	1	0	1	0
      396	2026-08-13 09:24:58	1	0	1	0
      396	2026-08-13 09:25:00	1	0	1	0
      420	2026-08-13 09:28:02	1	0	1	0
      405	2026-08-13 09:29:17	1	0	1	0
      405	2026-08-13 09:29:20	1	0	1	0
        1	2026-08-13 09:42:32	1	0	1	0
       75	2026-08-13 10:04:00	1	0	1	0
       75	2026-08-13 10:56:25	1	0	1	0
       75	2026-08-13 12:47:39	1	0	1	0
        1	2026-08-13 12:58:49	1	0	1	0
      396	2026-08-13 14:00:29	1	1	1	0
      428	2026-08-13 14:00:58	1	1	1	0
      424	2026-08-13 14:01:10	1	1	1	0
      420	2026-08-13 14:10:22	1	1	1	0
      428	2026-08-13 14:25:17	1	0	1	0
      424	2026-08-13 14:25:27	1	0	1	0
      396	2026-08-13 14:30:24	1	0	1	0
      396	2026-08-13 14:30:27	1	0	1	0
      363	2026-08-13 15:16:37	1	0	1	0
      420	2026-08-13 18:23:40	1	0	1	0
       75	2026-08-13 18:40:00	1	0	1	0
      420	2026-08-13 18:44:49	1	1	1	0
       75	2026-08-13 18:45:28	1	1	1	0
      428	2026-08-13 18:46:00	1	1	1	0
      363	2026-08-13 18:46:03	1	1	1	0
      405	2026-08-13 18:46:07	1	1	1	0
      396	2026-08-13 18:46:14	1	1	1	0
      424	2026-08-13 18:46:20	1	1	1	0
       75	2026-08-13 18:47:07	1	1	1	0
      428	2026-08-14 09:23:27	1	0	1	0
      363	2026-08-14 09:23:30	1	0	1	0
       75	2026-08-14 09:26:02	1	0	1	0
      424	2026-08-14 09:28:35	1	0	1	0
      396	2026-08-14 09:30:16	1	0	1	0
      396	2026-08-14 09:30:20	1	0	1	0
      405	2026-08-14 09:35:33	1	0	1	0
      405	2026-08-14 09:35:36	1	0	1	0
       75	2026-08-14 11:11:54	1	0	1	0
        1	2026-08-14 12:09:32	1	0	1	0
      396	2026-08-14 14:00:25	1	1	1	0
      428	2026-08-14 14:01:26	1	1	1	0
      405	2026-08-14 14:07:57	1	0	1	0
      428	2026-08-14 14:28:01	1	0	1	0
      396	2026-08-14 14:32:56	1	0	1	0
      411	2026-08-14 15:21:16	1	0	1	0
      428	2026-08-14 18:33:36	1	1	1	0
      405	2026-08-14 18:33:42	1	1	1	0
      396	2026-08-14 18:33:46	1	1	1	0
      424	2026-08-14 18:33:58	1	1	1	0
      363	2026-08-14 18:34:13	1	1	1	0
      378	2026-08-17 09:18:07	1	0	3	0
      428	2026-08-17 09:26:20	1	0	1	0
      424	2026-08-17 09:26:28	1	0	1	0
      363	2026-08-17 09:29:59	1	0	1	0
      399	2026-08-17 09:31:42	1	0	1	0
      399	2026-08-17 09:31:52	1	0	1	0
        1	2026-08-17 09:35:38	1	0	1	0
      378	2026-08-17 09:40:55	1	0	3	0
      363	2026-08-17 09:42:19	1	0	1	0
       75	2026-08-17 09:55:23	1	0	1	0
      420	2026-08-17 10:18:34	1	0	1	0
      378	2026-08-17 10:19:29	1	0	3	0
      378	2026-08-17 10:26:53	1	0	3	0
       75	2026-08-17 10:30:45	1	0	1	0
      378	2026-08-17 10:41:46	1	0	3	0
      378	2026-08-17 10:43:43	1	0	3	0
      363	2026-08-17 11:18:46	1	0	1	0
      428	2026-08-17 14:00:47	1	1	1	0
      424	2026-08-17 14:11:58	1	1	1	0
      420	2026-08-17 14:13:45	1	1	1	0
      420	2026-08-17 14:14:01	1	0	1	0
      399	2026-08-17 14:15:39	1	0	1	0
      424	2026-08-17 14:24:49	1	0	1	0
      428	2026-08-17 14:24:56	1	0	1	0
      405	2026-08-17 14:36:53	1	0	1	0
      405	2026-08-17 14:36:55	1	0	1	0
      378	2026-08-17 14:41:55	1	0	3	0
      378	2026-08-17 16:22:28	1	0	3	0
      378	2026-08-17 16:41:10	1	0	3	0
      378	2026-08-17 16:49:20	1	0	3	0
       75	2026-08-17 17:01:47	1	0	1	0
        1	2026-08-17 17:56:03	1	0	1	0
      397	2026-08-17 18:31:07	1	0	3	0
      378	2026-08-17 18:32:17	1	0	3	0
      397	2026-08-17 18:34:10	1	1	3	0
      424	2026-08-17 18:59:32	1	1	1	0
      428	2026-08-17 18:59:39	1	1	1	0
      420	2026-08-17 19:01:03	1	1	1	0
      363	2026-08-17 19:01:10	1	1	1	0
      399	2026-08-17 19:05:08	1	1	1	0
      405	2026-08-17 19:05:14	1	1	1	0
      405	2026-08-17 19:05:18	1	1	1	0
      420	2026-08-18 09:25:40	1	0	1	0
      428	2026-08-18 09:26:05	1	0	1	0
      424	2026-08-18 09:27:08	1	0	1	0
      363	2026-08-18 09:31:18	1	0	1	0
      405	2026-08-18 09:32:54	1	0	1	0
      405	2026-08-18 09:32:57	1	0	1	0
      399	2026-08-18 09:33:06	1	0	1	0
      396	2026-08-18 09:33:13	1	0	1	0
      396	2026-08-18 09:33:25	1	0	1	0
        1	2026-08-18 09:35:01	1	0	1	0
       75	2026-08-18 09:54:49	1	0	1	0
      378	2026-08-18 10:02:41	1	0	3	0
      378	2026-08-18 10:26:31	1	0	3	0
       75	2026-08-18 10:43:39	1	0	1	0
      405	2026-08-18 10:48:08	1	0	1	0
        1	2026-08-18 12:08:41	1	0	1	0
       75	2026-08-18 13:07:55	1	0	1	0
      378	2026-08-18 13:27:46	1	0	3	0
      399	2026-08-18 14:00:52	1	1	1	0
      396	2026-08-18 14:00:59	1	1	1	0
      428	2026-08-18 14:01:08	1	1	1	0
      424	2026-08-18 14:11:41	1	1	1	0
      428	2026-08-18 14:30:00	1	0	1	0
      424	2026-08-18 14:30:10	1	0	1	0
      396	2026-08-18 14:31:48	1	0	1	0
      399	2026-08-18 14:31:58	1	0	1	0
        1	2026-08-18 14:45:08	1	0	1	0
      378	2026-08-18 15:42:20	1	0	3	0
      378	2026-08-18 16:22:04	1	0	3	0
      378	2026-08-18 16:39:16	1	0	3	0
      405	2026-08-18 16:42:19	1	0	1	0
      405	2026-08-18 18:34:32	1	0	1	0
      405	2026-08-18 18:34:34	1	0	1	0
      378	2026-08-18 18:36:45	1	0	3	0
      399	2026-08-18 18:40:36	1	0	1	0
      424	2026-08-18 18:44:59	1	1	1	0
      428	2026-08-18 18:45:05	1	1	1	0
      363	2026-08-18 18:46:45	1	1	1	0
      396	2026-08-18 18:47:16	1	1	1	0
      396	2026-08-18 18:47:18	1	1	1	0
      420	2026-08-18 18:47:28	1	1	1	0
      363	2026-08-19 09:21:44	1	0	1	0
      363	2026-08-19 09:21:46	1	0	1	0
      378	2026-08-19 09:23:14	1	0	3	0
      424	2026-08-19 09:26:00	1	0	1	0
      428	2026-08-19 09:27:56	1	0	1	0
      420	2026-08-19 09:28:38	1	0	1	0
      378	2026-08-19 09:32:19	1	0	3	0
      396	2026-08-19 09:33:58	1	0	1	0
      396	2026-08-19 09:33:59	1	0	1	0
      399	2026-08-19 09:34:14	1	0	1	0
        1	2026-08-19 09:37:48	1	0	1	0
      363	2026-08-19 09:39:05	1	0	1	0
       75	2026-08-19 09:45:15	1	0	1	0
      378	2026-08-19 09:54:46	1	0	3	0
      378	2026-08-19 11:07:23	1	0	3	0
      378	2026-08-19 11:13:49	1	0	3	0
       75	2026-08-19 12:19:17	1	0	1	0
      378	2026-08-19 12:34:33	1	0	3	0
      420	2026-08-19 12:36:18	1	0	1	0
       75	2026-08-19 12:45:12	1	0	1	0
      405	2026-08-19 13:52:53	1	0	1	0
      405	2026-08-19 13:52:55	1	0	1	0
      396	2026-08-19 14:00:19	1	1	1	0
      399	2026-08-19 14:00:23	1	1	1	0
      428	2026-08-19 14:00:27	1	1	1	0
      428	2026-08-19 14:28:33	1	0	1	0
      396	2026-08-19 14:31:30	1	0	1	0
      396	2026-08-19 14:31:32	1	0	1	0
      399	2026-08-19 14:32:00	1	0	1	0
        1	2026-08-19 14:48:22	1	0	1	0
      378	2026-08-19 15:13:56	1	0	3	0
      378	2026-08-19 16:20:38	1	0	3	0
       75	2026-08-19 17:06:35	1	0	1	0
       75	2026-08-19 17:06:49	1	0	1	0
      420	2026-08-19 18:30:58	1	1	1	0
      424	2026-08-19 18:31:05	1	1	1	0
      363	2026-08-19 18:31:44	1	1	1	0
      396	2026-08-19 18:31:55	1	1	1	0
      396	2026-08-19 18:31:56	1	1	1	0
      399	2026-08-19 18:32:03	1	1	1	0
      405	2026-08-19 18:32:08	1	1	1	0
      428	2026-08-19 18:32:39	1	1	1	0
      405	2026-08-20 09:11:24	1	1	1	0
      405	2026-08-20 09:11:26	1	1	1	0
      363	2026-08-20 09:19:56	1	0	1	0
      363	2026-08-20 09:21:02	1	0	1	0
      378	2026-08-20 09:23:13	1	0	3	0
      428	2026-08-20 09:24:32	1	0	1	0
      420	2026-08-20 09:29:21	1	0	1	0
      424	2026-08-20 09:31:43	1	0	1	0
      396	2026-08-20 09:33:11	1	0	1	0
      396	2026-08-20 09:33:12	1	0	1	0
      399	2026-08-20 09:33:53	1	0	1	0
       75	2026-08-20 09:54:39	1	0	1	0
      378	2026-08-20 10:08:16	1	0	3	0
      378	2026-08-20 10:14:02	1	0	3	0
       75	2026-08-20 10:26:24	1	0	1	0
      378	2026-08-20 10:28:37	1	0	3	0
      378	2026-08-20 10:46:18	1	0	3	0
      405	2026-08-20 11:00:08	1	0	1	0
      378	2026-08-20 11:14:20	1	0	3	0
       75	2026-08-20 11:42:36	1	0	1	0
      363	2026-08-20 12:44:01	1	0	1	0
        1	2026-08-20 13:28:39	1	0	1	0
      428	2026-08-20 14:00:28	1	1	1	0
      396	2026-08-20 14:01:07	1	1	1	0
      399	2026-08-20 14:01:14	1	1	1	0
      399	2026-08-20 14:01:17	1	1	1	0
      363	2026-08-20 14:04:01	1	1	1	0
      428	2026-08-20 14:27:21	1	0	1	0
      396	2026-08-20 14:31:02	1	0	1	0
      399	2026-08-20 14:31:10	1	0	1	0
       75	2026-08-20 14:34:34	1	0	1	0
       75	2026-08-20 15:13:31	1	0	1	0
        1	2026-08-20 15:19:11	1	0	1	0
      378	2026-08-20 15:24:58	1	0	3	0
      378	2026-08-20 16:18:57	1	0	3	0
       75	2026-08-20 16:25:45	1	0	1	0
      378	2026-08-20 16:27:57	1	0	3	0
      378	2026-08-20 17:19:39	1	0	3	0
      378	2026-08-20 18:12:39	1	0	3	0
      378	2026-08-20 18:34:04	1	0	3	0
      424	2026-08-20 18:36:07	1	1	1	0
      428	2026-08-20 18:36:18	1	1	1	0
      399	2026-08-20 18:38:32	1	1	1	0
      420	2026-08-20 18:38:37	1	1	1	0
      396	2026-08-20 18:38:53	1	1	1	0
      405	2026-08-20 18:38:57	1	1	1	0
      378	2026-08-21 09:26:03	1	0	3	0
      420	2026-08-21 09:27:37	1	0	1	0
      428	2026-08-21 09:28:11	1	0	1	0
      424	2026-08-21 09:28:54	1	0	1	0
      405	2026-08-21 09:32:56	1	0	1	0
      405	2026-08-21 09:32:58	1	0	1	0
      396	2026-08-21 09:33:54	1	0	1	0
      396	2026-08-21 09:33:59	1	0	1	0
      399	2026-08-21 09:34:09	1	0	1	0
       75	2026-08-21 09:45:14	1	0	1	0
      378	2026-08-21 09:46:30	1	0	3	0
      378	2026-08-21 10:32:27	1	0	3	0
       75	2026-08-21 11:34:13	1	0	1	0
      378	2026-08-21 11:36:15	1	0	3	0
      420	2026-08-21 12:03:11	1	0	1	0
       75	2026-08-21 12:05:20	1	0	1	0
      420	2026-08-21 12:11:10	1	0	1	0
      420	2026-08-21 12:12:40	1	0	1	0
      378	2026-08-21 12:18:47	1	0	3	0
      405	2026-08-21 12:39:48	1	0	1	0
       75	2026-08-21 12:54:04	1	0	1	0
       75	2026-08-21 13:10:13	1	0	1	0
       75	2026-08-21 13:38:08	1	0	1	0
      428	2026-08-21 14:01:14	1	1	1	0
      424	2026-08-21 14:01:21	1	1	1	0
      405	2026-08-21 14:17:14	1	1	1	0
      405	2026-08-21 14:17:18	1	0	1	0
      428	2026-08-21 14:28:01	1	0	1	0
      424	2026-08-21 14:28:12	1	0	1	0
      420	2026-08-21 14:29:09	1	0	1	0
      420	2026-08-21 14:29:48	1	0	1	0
       75	2026-08-21 14:38:53	1	0	1	0
      378	2026-08-21 14:58:59	1	0	3	0
      378	2026-08-21 16:18:22	1	0	3	0
      378	2026-08-21 16:21:05	1	0	3	0
       75	2026-08-21 16:49:05	1	0	1	0
      378	2026-08-21 17:09:17	1	0	3	0
      378	2026-08-21 17:36:36	1	0	3	0
        1	2026-08-21 18:02:22	1	0	1	0
      397	2026-08-21 18:32:24	1	0	3	0
      378	2026-08-21 18:36:52	1	0	3	0
      424	2026-08-21 18:56:20	1	1	1	0
      428	2026-08-21 18:56:26	1	1	1	0
      420	2026-08-21 18:56:32	1	1	1	0
      405	2026-08-21 18:56:37	1	1	1	0
      396	2026-08-21 18:56:43	1	1	1	0
      399	2026-08-21 18:56:59	1	1	1	0
      363	2026-08-22 09:23:37	1	0	1	0
      363	2026-08-22 09:23:54	1	0	1	0
      378	2026-08-22 09:24:59	1	0	3	0
      396	2026-08-22 09:26:19	1	0	1	0
      396	2026-08-22 09:26:21	1	0	1	0
      396	2026-08-22 09:26:22	1	0	1	0
      399	2026-08-22 09:26:57	1	0	1	0
      420	2026-08-22 09:27:14	1	0	1	0
      428	2026-08-22 09:33:55	1	0	1	0
      363	2026-08-22 09:39:35	1	0	1	0
      363	2026-08-22 09:45:00	1	0	1	0
       75	2026-08-22 09:55:44	1	0	1	0
      378	2026-08-22 10:24:39	1	0	3	0
      378	2026-08-22 10:35:14	1	0	3	0
      378	2026-08-22 11:13:08	1	0	3	0
      363	2026-08-22 11:50:14	1	0	1	0
      378	2026-08-22 11:51:08	1	0	3	0
      420	2026-08-22 11:56:45	1	0	1	0
      378	2026-08-22 11:58:55	1	0	3	0
      378	2026-08-22 12:19:42	1	0	3	0
       75	2026-08-22 13:05:10	1	0	1	0
      363	2026-08-22 13:25:25	1	0	1	0
      420	2026-08-22 13:29:25	1	0	1	0
      420	2026-08-22 13:30:32	1	0	1	0
      396	2026-08-22 14:00:21	1	1	1	0
      396	2026-08-22 14:00:23	1	1	1	0
      399	2026-08-22 14:00:28	1	1	1	0
      428	2026-08-22 14:00:44	1	1	1	0
      420	2026-08-22 14:26:51	1	0	1	0
      428	2026-08-22 14:27:53	1	0	1	0
      396	2026-08-22 14:30:34	1	0	1	0
      399	2026-08-22 14:30:42	1	0	1	0
      363	2026-08-22 15:35:00	1	0	1	0
      399	2026-08-22 15:46:34	1	0	1	0
      363	2026-08-22 15:55:38	1	0	1	0
      378	2026-08-22 16:18:24	1	0	3	0
      378	2026-08-22 16:32:09	1	0	3	0
      378	2026-08-22 17:20:14	1	0	3	0
      378	2026-08-22 17:24:21	1	0	3	0
       75	2026-08-22 17:39:09	1	0	1	0
      363	2026-08-22 18:11:40	1	0	1	0
      363	2026-08-22 18:29:50	1	0	1	0
      399	2026-08-22 18:30:39	1	1	1	0
      420	2026-08-22 18:30:44	1	1	1	0
      396	2026-08-22 18:30:48	1	1	1	0
      396	2026-08-22 18:30:49	1	1	1	0
      396	2026-08-22 18:30:50	1	1	1	0
      428	2026-08-22 18:30:59	1	1	1	0
      363	2026-08-22 18:31:04	1	1	1	0
      378	2026-08-24 09:16:14	1	0	3	0
      363	2026-08-24 09:23:52	1	0	1	0
      363	2026-08-24 09:23:55	1	0	1	0
      420	2026-08-24 09:27:21	1	0	1	0
      363	2026-08-24 09:30:51	1	0	1	0
      396	2026-08-24 09:33:41	1	0	1	0
      396	2026-08-24 09:33:43	1	0	1	0
      396	2026-08-24 09:33:44	1	0	1	0
      399	2026-08-24 09:34:28	1	0	1	0
      378	2026-08-24 09:40:22	1	0	3	0
        1	2026-08-24 09:41:04	1	0	1	0
       75	2026-08-24 10:15:32	1	0	1	0
      378	2026-08-24 10:18:26	1	0	3	0
      378	2026-08-24 10:32:42	1	0	3	0
      378	2026-08-24 10:55:56	1	0	3	0
      363	2026-08-24 12:15:12	1	0	1	0
      363	2026-08-24 13:04:58	1	0	1	0
      420	2026-08-24 13:29:50	1	0	1	0
       75	2026-08-24 13:33:58	1	0	1	0
      405	2026-08-24 13:55:00	1	0	1	0
      405	2026-08-24 13:55:02	1	0	1	0
      396	2026-08-24 14:00:20	1	1	1	0
      399	2026-08-24 14:00:31	1	1	1	0
      424	2026-08-24 14:07:31	1	0	1	0
      420	2026-08-24 14:08:27	1	0	1	0
      378	2026-08-24 14:31:25	1	0	3	0
      396	2026-08-24 14:33:12	1	0	1	0
      396	2026-08-24 14:33:13	1	0	1	0
      396	2026-08-24 14:33:16	1	0	1	0
      399	2026-08-24 14:33:23	1	0	1	0
      378	2026-08-24 14:38:18	1	0	3	0
      378	2026-08-24 15:32:05	1	0	3	0
      399	2026-08-24 16:01:08	1	0	1	0
      378	2026-08-24 16:14:39	1	0	3	0
      378	2026-08-24 16:38:04	1	0	3	0
      378	2026-08-24 18:07:48	1	0	3	0
      399	2026-08-24 18:30:55	1	1	1	0
      420	2026-08-24 18:31:00	1	1	1	0
      396	2026-08-24 18:31:10	1	1	1	0
      396	2026-08-24 18:31:11	1	1	1	0
      396	2026-08-24 18:31:12	1	1	1	0
      363	2026-08-24 18:32:57	1	1	1	0
      405	2026-08-24 18:33:02	1	1	1	0
      424	2026-08-24 18:33:13	1	1	1	0
      378	2026-08-25 09:24:31	1	0	3	0
      420	2026-08-25 09:24:40	1	0	1	0
      363	2026-08-25 09:29:53	1	0	1	0
      363	2026-08-25 09:30:03	1	0	1	0
      424	2026-08-25 09:31:04	1	0	1	0
      396	2026-08-25 09:33:36	1	0	1	0
      396	2026-08-25 09:33:37	1	0	1	0
      396	2026-08-25 09:33:38	1	0	1	0
      396	2026-08-25 09:33:39	1	0	1	0
      396	2026-08-25 09:33:41	1	0	1	0
      396	2026-08-25 09:33:42	1	0	1	0
      399	2026-08-25 09:33:50	1	0	1	0
      405	2026-08-25 09:35:28	1	0	1	0
      405	2026-08-25 09:35:30	1	0	1	0
      378	2026-08-25 10:08:15	1	0	3	0
       75	2026-08-25 11:05:36	1	0	1	0
      363	2026-08-25 12:02:46	1	0	1	0
      424	2026-08-25 14:00:42	1	1	1	0
      424	2026-08-25 14:19:50	1	0	1	0
      399	2026-08-25 14:29:46	1	1	1	0
      399	2026-08-25 14:29:59	1	0	1	0
        1	2026-08-25 14:46:17	1	0	1	0
      378	2026-08-25 16:12:11	1	0	3	0
      378	2026-08-25 16:25:47	1	0	3	0
      399	2026-08-25 16:29:59	1	0	1	0
       75	2026-08-25 16:48:08	1	0	1	0
      424	2026-08-25 18:33:44	1	1	1	0
      420	2026-08-25 18:33:55	1	1	1	0
      396	2026-08-25 18:34:10	1	1	1	0
      396	2026-08-25 18:34:13	1	1	1	0
      396	2026-08-25 18:34:14	1	1	1	0
      405	2026-08-25 18:34:22	1	1	1	0
      399	2026-08-25 18:34:29	1	1	1	0
      363	2026-08-25 18:34:32	1	1	1	0
      378	2026-08-26 09:24:57	1	0	3	0
      363	2026-08-26 09:25:30	1	0	1	0
      363	2026-08-26 09:25:44	1	0	1	0
      420	2026-08-26 09:31:44	1	0	1	0
      396	2026-08-26 09:33:08	1	0	1	0
      396	2026-08-26 09:33:12	1	0	1	0
      399	2026-08-26 09:33:21	1	0	1	0
      378	2026-08-26 09:35:53	1	0	3	0
      405	2026-08-26 09:37:57	1	0	1	0
      405	2026-08-26 09:37:59	1	0	1	0
      424	2026-08-26 09:38:26	1	0	1	0
      378	2026-08-26 10:14:48	1	0	3	0
      378	2026-08-26 10:21:47	1	0	3	0
        1	2026-08-26 10:52:55	1	0	1	0
       75	2026-08-26 10:55:15	1	0	1	0
      378	2026-08-26 11:07:25	1	0	3	0
      378	2026-08-26 11:51:53	1	0	3	0
      363	2026-08-26 12:04:50	1	0	1	0
      363	2026-08-26 12:21:34	1	0	1	0
       75	2026-08-26 12:37:01	1	0	1	0
       75	2026-08-26 12:50:09	1	0	1	0
      378	2026-08-26 13:27:06	1	0	3	0
      399	2026-08-26 14:00:39	1	1	1	0
      396	2026-08-26 14:31:13	1	0	1	0
      399	2026-08-26 14:31:26	1	0	1	0
      378	2026-08-26 15:10:24	1	0	3	0
      363	2026-08-26 15:47:12	1	0	1	0
       75	2026-08-26 15:57:10	1	0	1	0
      378	2026-08-26 15:57:55	1	0	3	0
      378	2026-08-26 16:27:19	1	0	3	0
      378	2026-08-26 16:39:21	1	0	3	0
      378	2026-08-26 17:55:15	1	0	3	0
      420	2026-08-26 18:34:51	1	1	1	0
      363	2026-08-26 18:35:09	1	1	1	0
      424	2026-08-26 18:35:15	1	1	1	0
      405	2026-08-26 18:35:18	1	1	1	0
      399	2026-08-26 18:35:42	1	1	1	0
      396	2026-08-26 18:36:11	1	1	1	0
      378	2026-08-27 09:18:16	1	0	3	0
      424	2026-08-27 09:22:20	1	0	1	0
      428	2026-08-27 09:25:05	1	0	1	0
      363	2026-08-27 09:27:52	1	0	1	0
      363	2026-08-27 09:27:55	1	0	1	0
      405	2026-08-27 09:32:35	1	0	1	0
      405	2026-08-27 09:32:38	1	0	1	0
      420	2026-08-27 09:33:08	1	0	1	0
      396	2026-08-27 09:33:20	1	0	1	0
      396	2026-08-27 09:33:21	1	0	1	0
      399	2026-08-27 09:33:30	1	0	1	0
        1	2026-08-27 09:57:15	1	0	1	0
       75	2026-08-27 10:05:50	1	0	1	0
      363	2026-08-27 12:00:36	1	0	1	0
        1	2026-08-27 12:29:19	1	0	1	0
      428	2026-08-27 14:00:16	1	1	1	0
      396	2026-08-27 14:00:22	1	1	1	0
      396	2026-08-27 14:00:23	1	1	1	0
      399	2026-08-27 14:00:27	1	1	1	0
      428	2026-08-27 14:28:22	1	0	1	0
      396	2026-08-27 14:31:07	1	0	1	0
      396	2026-08-27 14:31:08	1	0	1	0
      399	2026-08-27 14:31:21	1	0	1	0
      378	2026-08-27 16:16:18	1	0	3	0
      378	2026-08-27 16:18:46	1	0	3	0
       75	2026-08-27 16:57:52	1	0	1	0
      420	2026-08-27 17:03:47	1	0	1	0
      378	2026-08-27 17:06:05	1	0	3	0
      378	2026-08-27 17:53:45	1	0	3	0
      363	2026-08-27 18:30:49	1	1	1	0
      396	2026-08-27 18:30:54	1	1	1	0
      396	2026-08-27 18:30:55	1	1	1	0
      396	2026-08-27 18:30:57	1	1	1	0
      396	2026-08-27 18:31:00	1	1	1	0
      420	2026-08-27 18:31:07	1	1	1	0
      428	2026-08-27 18:31:13	1	1	1	0
      405	2026-08-27 18:31:19	1	1	1	0
      399	2026-08-27 18:31:24	1	1	1	0
      424	2026-08-27 18:31:30	1	1	1	0
      424	2026-08-28 09:21:17	1	0	1	0
      378	2026-08-28 09:25:04	1	0	3	0
      428	2026-08-28 09:25:39	1	0	1	0
      405	2026-08-28 09:29:10	1	0	1	0
      405	2026-08-28 09:29:12	1	0	1	0
      420	2026-08-28 09:29:34	1	0	1	0
      396	2026-08-28 09:32:50	1	0	1	0
      396	2026-08-28 09:32:55	1	0	1	0
      396	2026-08-28 09:32:56	1	0	1	0
      396	2026-08-28 09:32:57	1	0	1	0
      399	2026-08-28 09:33:31	1	0	1	0
      363	2026-08-28 09:34:16	1	0	1	0
      378	2026-08-28 09:37:56	1	0	3	0
      378	2026-08-28 10:21:05	1	0	3	0
        1	2026-08-28 10:23:03	1	0	1	0
       75	2026-08-28 10:24:49	1	0	1	0
      363	2026-08-28 10:36:22	1	0	1	0
      378	2026-08-28 10:37:15	1	0	3	0
      378	2026-08-28 10:50:53	1	0	3	0
      428	2026-08-28 10:57:05	1	0	1	0
       75	2026-08-28 10:58:20	1	0	1	0
      363	2026-08-28 12:39:43	1	0	1	0
      378	2026-08-28 13:05:07	1	0	3	0
      399	2026-08-28 14:00:29	1	1	1	0
      396	2026-08-28 14:00:33	1	1	1	0
      428	2026-08-28 14:00:39	1	1	1	0
      428	2026-08-28 14:26:39	1	0	1	0
      396	2026-08-28 14:32:09	1	0	1	0
      396	2026-08-28 14:32:17	1	0	1	0
      399	2026-08-28 14:32:33	1	0	1	0
      378	2026-08-28 14:42:07	1	0	3	0
      363	2026-08-28 14:43:34	1	0	1	0
       75	2026-08-28 14:57:38	1	0	1	0
        1	2026-08-28 15:10:22	1	0	1	0
      378	2026-08-28 16:17:03	1	0	3	0
      378	2026-08-28 16:27:46	1	0	3	0
       75	2026-08-28 17:20:50	1	0	1	0
      378	2026-08-28 17:32:19	1	0	3	0
      378	2026-08-28 18:12:59	1	0	3	0
       75	2026-08-28 18:16:26	1	0	1	0
      399	2026-08-28 18:35:56	1	1	1	0
      420	2026-08-28 18:36:01	1	1	1	0
      396	2026-08-28 18:36:54	1	1	1	0
      396	2026-08-28 18:36:56	1	1	1	0
      396	2026-08-28 18:36:58	1	1	1	0
      363	2026-08-28 18:37:12	1	1	1	0
      428	2026-08-28 18:37:23	1	1	1	0
      424	2026-08-28 18:37:30	1	1	1	0
      405	2026-08-28 18:37:35	1	1	1	0
      363	2026-08-29 09:20:05	1	0	1	0
      428	2026-08-29 09:20:13	1	0	1	0
      424	2026-08-29 09:21:56	1	0	1	0
      378	2026-08-29 09:24:54	1	0	3	0
      420	2026-08-29 09:28:29	1	0	1	0
      396	2026-08-29 09:31:16	1	0	1	0
      396	2026-08-29 09:31:18	1	0	1	0
      396	2026-08-29 09:31:19	1	0	1	0
      396	2026-08-29 09:31:20	1	0	1	0
      396	2026-08-29 09:31:21	1	0	1	0
      396	2026-08-29 09:31:22	1	0	1	0
      396	2026-08-29 09:31:24	1	0	1	0
      399	2026-08-29 09:31:42	1	0	1	0
      405	2026-08-29 09:32:15	1	0	1	0
      405	2026-08-29 09:32:17	1	0	1	0
      363	2026-08-29 09:43:10	1	0	1	0
      411	2026-08-29 09:46:08	1	0	1	0
       75	2026-08-29 09:53:25	1	0	1	0
        1	2026-08-29 09:57:59	1	0	1	0
      428	2026-08-29 10:05:13	1	0	1	0
      378	2026-08-29 10:24:01	1	0	3	0
      378	2026-08-29 10:31:03	1	0	3	0
      378	2026-08-29 10:41:31	1	0	3	0
        1	2026-08-29 12:18:44	1	0	1	0
       75	2026-08-29 12:21:11	1	0	1	0
      378	2026-08-29 12:54:15	1	0	3	0
      378	2026-08-29 13:47:34	1	0	3	0
      405	2026-08-29 13:51:51	1	0	1	0
      420	2026-08-29 14:00:23	1	1	1	0
      399	2026-08-29 14:00:28	1	1	1	0
      424	2026-08-29 14:00:36	1	1	1	0
      396	2026-08-29 14:00:40	1	1	1	0
      396	2026-08-29 14:00:41	1	1	1	0
      363	2026-08-29 14:00:48	1	1	1	0
      405	2026-08-29 14:00:54	1	1	1	0
      378	2026-08-29 14:02:16	1	1	3	0
      378	2026-08-31 09:17:32	1	0	3	0
      363	2026-08-31 09:24:05	1	0	1	0
      363	2026-08-31 09:24:09	1	0	1	0
      424	2026-08-31 09:29:16	1	0	1	0
      420	2026-08-31 09:30:18	1	0	1	0
      378	2026-08-31 09:31:52	1	0	3	0
      396	2026-08-31 09:32:50	1	0	1	0
      396	2026-08-31 09:32:51	1	0	1	0
      396	2026-08-31 09:32:53	1	0	1	0
      399	2026-08-31 09:33:06	1	0	1	0
      424	2026-08-31 09:33:35	1	0	1	0
      405	2026-08-31 09:35:24	1	0	1	0
      405	2026-08-31 09:35:27	1	0	1	0
      378	2026-08-31 09:38:19	1	0	3	0
      363	2026-08-31 09:56:32	1	0	1	0
       75	2026-08-31 09:59:30	1	0	1	0
      396	2026-08-31 10:16:45	1	0	1	0
      378	2026-08-31 10:20:28	1	0	3	0
      378	2026-08-31 10:30:54	1	0	3	0
      363	2026-08-31 10:43:40	1	0	1	0
      378	2026-08-31 10:44:01	1	0	3	0
      378	2026-08-31 12:08:53	1	0	3	0
       75	2026-08-31 12:13:13	1	0	1	0
      378	2026-08-31 12:18:05	1	0	3	0
      363	2026-08-31 12:54:39	1	0	1	0
      363	2026-08-31 13:26:44	1	0	1	0
      428	2026-08-31 14:02:20	1	0	1	0
      424	2026-08-31 14:17:51	1	1	1	0
      396	2026-08-31 14:27:15	1	0	1	0
      396	2026-08-31 14:27:16	1	0	1	0
      424	2026-08-31 14:27:22	1	0	1	0
      399	2026-08-31 14:27:33	1	0	1	0
      399	2026-08-31 14:27:34	1	0	1	0
      378	2026-08-31 14:33:27	1	0	3	0
       75	2026-08-31 15:34:35	1	0	1	0
      405	2026-08-31 15:49:04	1	0	1	0
      378	2026-08-31 16:18:55	1	0	3	0
      378	2026-08-31 16:23:15	1	0	3	0
      378	2026-08-31 16:50:43	1	0	3	0
      411	2026-08-31 18:15:10	1	0	1	0
      419	2026-08-31 18:23:59	1	0	1	0
      420	2026-08-31 18:30:27	1	1	1	0
      363	2026-08-31 18:30:53	1	1	1	0
      405	2026-08-31 18:30:57	1	1	1	0
      419	2026-08-31 18:31:05	1	1	1	0
      418	2026-08-31 18:31:13	1	1	1	0
      396	2026-08-31 18:31:26	1	1	1	0
      399	2026-08-31 18:31:30	1	1	1	0
      424	2026-08-31 18:31:35	1	1	1	0
