      378	2026-07-01 09:24:19	1	0	3	0
      411	2026-07-01 09:24:30	1	1	1	0
      419	2026-07-01 09:24:36	1	1	1	0
      418	2026-07-01 09:24:50	1	1	1	0
      363	2026-07-01 09:29:27	1	0	1	0
      363	2026-07-01 09:29:28	1	0	1	0
      397	2026-07-01 09:33:10	1	0	3	0
       75	2026-07-01 09:36:27	1	0	1	0
      378	2026-07-01 09:45:06	1	0	3	0
       75	2026-07-01 10:02:11	1	0	1	0
       75	2026-07-01 10:27:56	1	0	1	0
      378	2026-07-01 11:42:05	1	0	3	0
      378	2026-07-01 11:52:33	1	0	1	0
       75	2026-07-01 12:05:28	1	0	1	0
      378	2026-07-01 12:11:20	1	0	1	0
      378	2026-07-01 12:14:24	1	0	3	0
      378	2026-07-01 12:22:25	1	0	3	0
      378	2026-07-01 12:39:44	1	0	1	0
      378	2026-07-01 13:01:51	1	0	3	0
      378	2026-07-01 13:30:26	1	1	3	0
       75	2026-07-01 13:32:34	1	1	1	0
      411	2026-07-01 13:46:42	1	0	1	0
      397	2026-07-01 13:59:27	1	1	3	0
      378	2026-07-01 14:06:36	1	1	3	0
      397	2026-07-01 14:28:24	1	0	3	0
      363	2026-07-01 15:08:02	1	0	1	0
      378	2026-07-01 15:23:59	1	0	3	0
      378	2026-07-01 15:52:48	1	0	3	0
      378	2026-07-01 16:33:52	1	0	3	0
      378	2026-07-01 16:54:06	1	0	3	0
      378	2026-07-01 17:27:05	1	0	1	0
      378	2026-07-01 17:42:35	1	0	1	0
      378	2026-07-01 18:26:12	1	0	1	0
      411	2026-07-01 18:32:10	1	1	1	0
      419	2026-07-01 18:33:00	1	1	1	0
      418	2026-07-01 18:33:05	1	1	1	0
      378	2026-07-01 18:34:17	1	1	3	0
      397	2026-07-01 18:36:48	1	1	3	0
       75	2026-07-01 18:43:46	1	1	1	0
      378	2026-07-02 09:25:10	1	0	3	0
      419	2026-07-02 09:25:35	1	0	1	0
      418	2026-07-02 09:25:42	1	0	1	0
      411	2026-07-02 09:28:49	1	0	1	0
      363	2026-07-02 09:32:18	1	0	1	0
      363	2026-07-02 09:32:20	1	0	1	0
      397	2026-07-02 09:33:44	1	0	3	0
       75	2026-07-02 09:36:51	1	0	1	0
       75	2026-07-02 09:39:57	1	0	1	0
      378	2026-07-02 10:01:44	1	0	3	0
       75	2026-07-02 10:44:32	1	0	1	0
       75	2026-07-02 12:07:41	1	0	1	0
      378	2026-07-02 12:18:12	1	0	3	0
      378	2026-07-02 12:26:50	1	0	3	0
      378	2026-07-02 13:26:56	1	0	3	0
      378	2026-07-02 13:31:03	1	1	3	0
       75	2026-07-02 13:32:28	1	1	1	0
      363	2026-07-02 13:44:56	1	0	1	0
      397	2026-07-02 13:59:20	1	1	3	0
      378	2026-07-02 14:09:40	1	1	3	0
      378	2026-07-02 14:09:50	1	0	3	0
      378	2026-07-02 14:15:32	1	0	3	0
      397	2026-07-02 14:31:25	1	0	3	0
      378	2026-07-02 14:38:12	1	0	3	0
      378	2026-07-02 14:44:12	1	0	3	0
       75	2026-07-02 15:02:48	1	0	1	0
      378	2026-07-02 15:51:44	1	0	3	0
      378	2026-07-02 16:02:38	1	0	3	0
      378	2026-07-02 16:21:58	1	0	3	0
      378	2026-07-02 16:24:04	1	0	3	0
      378	2026-07-02 16:46:29	1	0	1	0
      378	2026-07-02 17:11:26	1	0	1	0
      378	2026-07-02 17:15:25	1	0	1	0
      378	2026-07-02 17:15:26	1	0	1	0
      418	2026-07-02 18:31:10	1	1	1	0
      411	2026-07-02 18:31:27	1	1	1	0
      419	2026-07-02 18:31:35	1	1	1	0
      378	2026-07-02 18:31:51	1	1	3	0
      378	2026-07-02 18:32:45	1	1	3	0
       75	2026-07-02 18:35:50	1	1	1	0
      397	2026-07-02 18:39:30	1	1	3	0
      378	2026-07-03 09:23:42	1	0	3	0
      419	2026-07-03 09:23:53	1	0	1	0
      411	2026-07-03 09:24:02	1	0	1	0
      418	2026-07-03 09:24:14	1	0	1	0
       75	2026-07-03 09:29:55	1	0	1	0
      378	2026-07-03 09:31:03	1	0	3	0
      397	2026-07-03 09:32:15	1	0	3	0
      378	2026-07-03 09:47:24	1	0	1	0
       75	2026-07-03 10:09:34	1	0	1	0
      396	2026-07-03 10:40:17	1	0	1	0
      378	2026-07-03 11:35:54	1	0	1	0
      363	2026-07-03 11:43:51	1	0	1	0
      378	2026-07-03 11:59:08	1	0	3	0
      378	2026-07-03 12:14:46	1	0	3	0
      378	2026-07-03 12:17:39	1	0	3	0
      378	2026-07-03 12:32:30	1	0	3	0
      378	2026-07-03 12:34:24	1	0	1	0
      397	2026-07-03 12:40:21	1	1	3	0
      397	2026-07-03 12:45:41	1	0	3	0
      411	2026-07-03 13:01:39	1	0	1	0
      378	2026-07-03 13:28:16	1	0	3	0
      378	2026-07-03 13:29:57	1	1	3	0
      397	2026-07-03 13:59:16	1	1	3	0
      378	2026-07-03 14:05:37	1	0	3	0
      378	2026-07-03 14:20:17	1	0	3	0
      397	2026-07-03 14:30:19	1	0	3	0
      378	2026-07-03 15:15:01	1	0	1	0
      378	2026-07-03 15:42:53	1	0	3	0
      378	2026-07-03 16:43:39	1	0	3	0
      418	2026-07-03 17:12:38	1	1	1	0
      418	2026-07-03 17:14:42	1	0	1	0
      378	2026-07-03 17:16:27	1	0	1	0
      378	2026-07-03 17:16:28	1	0	1	0
      378	2026-07-03 17:34:49	1	0	1	0
      378	2026-07-03 17:47:23	1	0	3	0
      397	2026-07-03 17:55:48	1	0	3	0
      397	2026-07-03 17:58:36	1	0	3	0
      418	2026-07-03 18:33:52	1	1	1	0
      411	2026-07-03 18:34:01	1	1	1	0
      419	2026-07-03 18:34:06	1	1	1	0
      378	2026-07-03 18:50:50	1	1	3	0
       75	2026-07-03 18:52:00	1	1	1	0
      397	2026-07-03 18:55:53	1	1	3	0
      378	2026-07-04 09:26:34	1	0	3	0
      419	2026-07-04 09:26:40	1	0	1	0
      418	2026-07-04 09:28:41	1	0	1	0
      397	2026-07-04 09:33:50	1	0	3	0
      411	2026-07-04 09:33:55	1	0	1	0
       75	2026-07-04 09:37:07	1	0	1	0
      378	2026-07-04 09:43:17	1	0	3	0
       75	2026-07-04 10:00:24	1	0	1	0
      378	2026-07-04 10:01:22	1	0	3	0
      378	2026-07-04 10:23:21	1	0	3	0
      378	2026-07-04 11:13:59	1	0	3	0
       75	2026-07-04 11:56:00	1	0	1	0
      378	2026-07-04 12:54:02	1	0	3	0
      378	2026-07-04 13:25:50	1	0	3	0
      378	2026-07-04 13:34:22	1	0	3	0
       75	2026-07-04 13:40:07	1	0	1	0
      378	2026-07-04 13:48:01	1	0	3	0
      378	2026-07-04 14:01:39	1	1	3	0
      419	2026-07-04 14:01:50	1	1	1	0
      418	2026-07-04 14:02:01	1	1	1	0
      411	2026-07-04 14:02:08	1	1	1	0
      397	2026-07-04 14:02:15	1	1	3	0
       75	2026-07-04 14:02:33	1	1	1	0
      419	2026-07-06 09:12:04	1	0	1	0
      378	2026-07-06 09:12:10	1	0	3	0
      418	2026-07-06 09:12:41	1	0	1	0
      411	2026-07-06 09:24:42	1	0	1	0
      363	2026-07-06 09:31:22	1	0	1	0
      363	2026-07-06 09:31:23	1	0	1	0
      397	2026-07-06 09:32:58	1	0	3	0
       75	2026-07-06 09:49:39	1	0	1	0
      378	2026-07-06 10:17:16	1	0	3	0
       75	2026-07-06 10:52:54	1	0	1	0
      378	2026-07-06 11:05:23	1	0	3	0
      378	2026-07-06 11:12:02	1	0	3	0
      363	2026-07-06 11:45:15	1	0	1	0
       75	2026-07-06 12:09:14	1	0	1	0
      378	2026-07-06 12:11:46	1	0	1	0
      378	2026-07-06 12:24:38	1	0	3	0
      378	2026-07-06 12:52:17	1	0	3	0
      378	2026-07-06 13:04:44	1	0	3	0
      378	2026-07-06 13:27:41	1	0	3	0
      378	2026-07-06 13:30:12	1	1	3	0
       75	2026-07-06 13:51:31	1	1	1	0
      397	2026-07-06 13:59:55	1	1	3	0
      378	2026-07-06 14:10:16	1	0	3	0
      397	2026-07-06 14:30:54	1	0	3	0
       75	2026-07-06 14:41:11	1	1	1	0
      411	2026-07-06 14:55:26	1	1	1	0
      378	2026-07-06 15:45:35	1	1	3	0
      378	2026-07-06 16:03:55	1	1	1	0
       75	2026-07-06 16:32:13	1	1	1	0
       75	2026-07-06 16:42:52	1	1	1	0
      378	2026-07-06 17:16:31	1	1	3	0
      411	2026-07-06 18:32:34	1	1	1	0
      418	2026-07-06 18:32:40	1	1	1	0
      419	2026-07-06 18:32:46	1	1	1	0
      397	2026-07-06 18:33:52	1	1	3	0
       75	2026-07-06 18:35:04	1	1	1	0
      378	2026-07-07 09:22:41	1	0	3	0
      419	2026-07-07 09:25:04	1	0	1	0
      418	2026-07-07 09:25:35	1	0	1	0
      411	2026-07-07 09:28:22	1	0	1	0
      378	2026-07-07 09:34:21	1	0	3	0
      397	2026-07-07 09:34:26	1	0	3	0
       75	2026-07-07 09:42:29	1	0	1	0
      378	2026-07-07 09:54:08	1	0	3	0
      378	2026-07-07 10:01:45	1	0	1	0
       75	2026-07-07 10:04:15	1	0	1	0
      378	2026-07-07 11:29:28	1	0	3	0
      378	2026-07-07 11:44:15	1	0	3	0
      396	2026-07-07 11:48:54	1	0	1	0
      411	2026-07-07 11:54:17	1	0	1	0
       75	2026-07-07 11:57:02	1	0	1	0
      397	2026-07-07 12:01:14	1	0	3	0
      378	2026-07-07 12:08:43	1	0	3	0
      378	2026-07-07 12:24:02	1	0	3	0
      378	2026-07-07 12:31:14	1	0	3	0
      378	2026-07-07 13:03:29	1	0	3	0
      378	2026-07-07 13:15:09	1	0	3	0
       75	2026-07-07 13:15:41	1	0	1	0
      378	2026-07-07 13:30:38	1	1	3	0
       75	2026-07-07 13:38:54	1	1	1	0
      411	2026-07-07 13:55:11	1	0	1	0
      397	2026-07-07 13:59:49	1	1	3	0
      378	2026-07-07 14:08:22	1	0	3	0
      397	2026-07-07 14:31:00	1	0	3	0
      378	2026-07-07 14:53:31	1	0	1	0
      378	2026-07-07 14:58:54	1	0	3	0
      378	2026-07-07 15:00:13	1	0	3	0
      378	2026-07-07 15:03:39	1	0	3	0
      378	2026-07-07 15:30:06	1	0	3	0
       75	2026-07-07 15:32:26	1	0	1	0
      378	2026-07-07 15:35:24	1	0	3	0
      378	2026-07-07 15:39:27	1	0	3	0
      397	2026-07-07 16:45:19	1	1	3	0
      397	2026-07-07 16:47:56	1	0	3	0
      419	2026-07-07 18:31:53	1	1	1	0
      418	2026-07-07 18:31:59	1	1	1	0
      397	2026-07-07 18:32:07	1	1	3	0
      378	2026-07-07 18:32:37	1	1	3	0
      378	2026-07-07 18:38:37	1	1	3	0
       75	2026-07-07 18:47:57	1	1	1	0
      378	2026-07-08 09:28:41	1	0	3	0
      411	2026-07-08 09:28:55	1	0	1	0
      419	2026-07-08 09:29:35	1	0	1	0
      418	2026-07-08 09:29:42	1	0	1	0
      397	2026-07-08 09:33:38	1	0	3	0
       75	2026-07-08 09:42:23	1	0	1	0
       75	2026-07-08 09:53:20	1	0	1	0
      378	2026-07-08 11:15:49	1	0	3	0
       75	2026-07-08 11:24:53	1	0	1	0
      378	2026-07-08 11:26:50	1	0	3	0
      378	2026-07-08 11:51:34	1	0	3	0
      378	2026-07-08 12:10:05	1	0	3	0
      378	2026-07-08 12:49:51	1	0	1	0
      378	2026-07-08 13:22:23	1	0	1	0
      378	2026-07-08 13:30:04	1	1	3	0
      411	2026-07-08 13:54:29	1	0	1	0
      397	2026-07-08 13:59:23	1	1	3	0
      378	2026-07-08 14:12:43	1	0	3	0
      378	2026-07-08 14:15:05	1	0	3	0
      397	2026-07-08 14:31:05	1	0	3	0
      378	2026-07-08 15:09:03	1	0	3	0
       75	2026-07-08 15:10:04	1	0	1	0
      378	2026-07-08 15:42:53	1	0	1	0
      378	2026-07-08 15:46:26	1	0	3	0
      378	2026-07-08 15:49:02	1	0	1	0
       75	2026-07-08 15:56:17	1	0	1	0
       75	2026-07-08 16:01:40	1	0	1	0
       75	2026-07-08 16:07:53	1	0	1	0
      378	2026-07-08 16:46:09	1	0	3	0
      378	2026-07-08 17:27:21	1	0	3	0
      411	2026-07-08 17:49:53	1	0	1	0
      378	2026-07-08 18:29:51	1	0	3	0
      418	2026-07-08 18:32:28	1	1	1	0
      419	2026-07-08 18:32:34	1	1	1	0
      411	2026-07-08 18:32:53	1	1	1	0
      397	2026-07-08 18:35:33	1	1	3	0
      378	2026-07-08 18:38:40	1	1	3	0
       75	2026-07-08 18:40:58	1	1	1	0
      378	2026-07-08 18:41:05	1	1	3	0
      411	2026-07-09 09:23:44	1	0	1	0
      378	2026-07-09 09:24:53	1	0	3	0
      363	2026-07-09 09:25:35	1	0	1	0
      363	2026-07-09 09:25:36	1	0	1	0
      419	2026-07-09 09:32:04	1	0	1	0
      418	2026-07-09 09:32:27	1	0	1	0
      397	2026-07-09 09:33:18	1	0	3	0
       75	2026-07-09 09:46:48	1	0	1	0
       75	2026-07-09 10:43:16	1	0	1	0
      378	2026-07-09 11:40:33	1	0	1	0
      411	2026-07-09 11:46:57	1	0	1	0
      378	2026-07-09 13:05:36	1	0	3	0
      378	2026-07-09 13:24:43	1	0	3	0
      378	2026-07-09 13:29:09	1	1	3	0
      397	2026-07-09 13:59:31	1	1	3	0
      378	2026-07-09 14:07:25	1	0	3	0
      378	2026-07-09 14:10:44	1	0	1	0
      378	2026-07-09 14:12:14	1	0	3	0
      378	2026-07-09 14:15:08	1	0	3	0
      378	2026-07-09 14:17:32	1	0	3	0
      418	2026-07-09 14:29:20	1	0	1	0
      411	2026-07-09 14:30:02	1	0	1	0
      397	2026-07-09 14:31:19	1	0	3	0
      378	2026-07-09 14:59:47	1	0	1	0
      378	2026-07-09 15:01:36	1	0	1	0
      378	2026-07-09 15:08:17	1	0	1	0
       75	2026-07-09 15:51:58	1	0	1	0
       75	2026-07-09 15:56:06	1	0	1	0
      411	2026-07-09 16:02:34	1	0	1	0
      378	2026-07-09 16:40:54	1	0	1	0
       75	2026-07-09 16:43:28	1	0	1	0
       75	2026-07-09 16:44:55	1	0	1	0
      378	2026-07-09 16:47:39	1	0	3	0
       75	2026-07-09 17:42:51	1	0	1	0
      378	2026-07-09 18:00:02	1	0	1	0
      378	2026-07-09 18:17:35	1	0	1	0
       75	2026-07-09 18:19:50	1	0	1	0
      378	2026-07-09 18:20:58	1	0	1	0
      411	2026-07-09 18:31:42	1	1	1	0
      418	2026-07-09 18:32:03	1	1	1	0
      419	2026-07-09 18:32:08	1	1	1	0
       75	2026-07-09 18:34:09	1	1	1	0
      378	2026-07-09 18:34:30	1	1	3	0
       75	2026-07-09 18:36:28	1	1	1	0
      378	2026-07-10 09:21:58	1	0	3	0
      419	2026-07-10 09:22:06	1	0	1	0
      418	2026-07-10 09:22:14	1	0	1	0
      378	2026-07-10 09:31:31	1	0	3	0
      363	2026-07-10 09:32:17	1	0	1	0
      363	2026-07-10 09:32:19	1	0	1	0
      397	2026-07-10 09:34:08	1	0	3	0
      378	2026-07-10 09:38:09	1	0	1	0
       75	2026-07-10 09:41:30	1	0	1	0
      411	2026-07-10 09:45:00	1	0	1	0
      418	2026-07-10 11:01:49	1	1	1	0
      418	2026-07-10 11:05:14	1	0	1	0
      418	2026-07-10 11:44:21	1	1	1	0
      418	2026-07-10 11:47:30	1	0	1	0
      411	2026-07-10 12:05:17	1	0	1	0
      411	2026-07-10 12:05:54	1	0	1	0
      378	2026-07-10 12:27:54	1	0	1	0
       75	2026-07-10 12:40:33	1	0	1	0
      378	2026-07-10 12:40:54	1	0	1	0
      378	2026-07-10 13:02:05	1	0	1	0
      378	2026-07-10 13:06:32	1	0	1	0
      378	2026-07-10 13:24:44	1	0	1	0
      378	2026-07-10 13:30:04	1	1	3	0
      418	2026-07-10 13:56:04	1	0	1	0
      397	2026-07-10 13:59:23	1	1	3	0
      378	2026-07-10 14:04:38	1	0	3	0
      378	2026-07-10 14:16:47	1	0	1	0
      378	2026-07-10 14:25:52	1	0	1	0
      397	2026-07-10 14:29:33	1	0	3	0
      378	2026-07-10 14:39:01	1	0	3	0
      378	2026-07-10 15:06:17	1	0	1	0
      378	2026-07-10 15:11:06	1	0	1	0
      397	2026-07-10 15:36:23	1	1	3	0
      397	2026-07-10 15:37:41	1	0	3	0
      378	2026-07-10 16:30:14	1	0	3	0
      363	2026-07-10 16:36:26	1	0	1	0
       75	2026-07-10 17:36:50	1	0	1	0
      378	2026-07-10 18:17:07	1	0	3	0
       75	2026-07-10 18:27:33	1	0	1	0
      411	2026-07-10 18:35:57	1	1	1	0
      418	2026-07-10 18:39:49	1	1	1	0
      419	2026-07-10 18:39:53	1	1	1	0
       75	2026-07-10 18:42:53	1	1	1	0
      397	2026-07-10 18:43:06	1	1	3	0
      378	2026-07-10 18:43:14	1	1	3	0
      378	2026-07-11 09:26:58	1	0	3	0
      411	2026-07-11 09:27:07	1	0	1	0
      418	2026-07-11 09:27:14	1	0	1	0
      419	2026-07-11 09:27:21	1	0	1	0
      363	2026-07-11 09:27:31	1	0	1	0
      363	2026-07-11 09:27:33	1	0	1	0
      397	2026-07-11 09:31:31	1	0	3	0
      378	2026-07-11 10:01:40	1	0	1	0
      378	2026-07-11 11:05:20	1	0	3	0
      378	2026-07-11 12:48:53	1	0	1	0
      378	2026-07-11 12:54:33	1	0	3	0
      418	2026-07-11 13:15:38	1	1	1	0
      418	2026-07-11 13:15:39	1	1	1	0
      418	2026-07-11 13:17:27	1	0	1	0
      397	2026-07-11 13:23:22	1	1	3	0
      397	2026-07-11 13:25:30	1	0	3	0
      378	2026-07-11 13:28:44	1	0	3	0
      397	2026-07-11 14:00:48	1	1	3	0
      418	2026-07-11 14:00:54	1	1	1	0
      411	2026-07-11 14:01:02	1	1	1	0
      419	2026-07-11 14:01:07	1	1	1	0
      378	2026-07-11 14:01:13	1	1	3	0
      378	2026-07-13 09:14:38	1	0	3	0
      424	2026-07-13 09:23:20	1	0	1	0
      363	2026-07-13 09:28:24	1	0	1	0
      363	2026-07-13 09:28:26	1	0	1	0
      411	2026-07-13 09:29:26	1	0	1	0
      397	2026-07-13 09:34:02	1	0	3	0
      418	2026-07-13 09:45:01	1	0	1	0
      419	2026-07-13 09:45:10	1	0	1	0
      378	2026-07-13 09:48:02	1	0	3	0
       75	2026-07-13 09:51:17	1	0	1	0
      363	2026-07-13 09:52:04	1	0	1	0
      363	2026-07-13 10:33:31	1	0	1	0
      363	2026-07-13 11:14:38	1	0	1	0
      378	2026-07-13 11:45:16	1	0	1	0
      378	2026-07-13 12:14:30	1	0	3	0
      363	2026-07-13 12:21:47	1	0	1	0
      378	2026-07-13 12:52:15	1	0	3	0
      378	2026-07-13 12:56:07	1	0	1	0
      418	2026-07-13 13:01:39	1	1	1	0
      418	2026-07-13 13:03:36	1	0	1	0
      378	2026-07-13 13:30:21	1	1	3	0
      418	2026-07-13 13:37:47	1	1	1	0
      418	2026-07-13 13:40:21	1	0	1	0
      397	2026-07-13 13:59:22	1	1	3	0
      378	2026-07-13 14:16:53	1	1	1	0
      397	2026-07-13 14:30:15	1	0	3	0
      378	2026-07-13 15:30:40	1	0	3	0
       75	2026-07-13 15:30:57	1	0	1	0
       75	2026-07-13 15:35:35	1	0	1	0
       75	2026-07-13 15:36:18	1	0	1	0
      378	2026-07-13 15:58:13	1	0	3	0
      378	2026-07-13 16:09:08	1	0	3	0
      378	2026-07-13 17:28:13	1	0	3	0
      397	2026-07-13 17:37:17	1	1	3	0
      397	2026-07-13 17:39:42	1	0	3	0
      397	2026-07-13 18:06:15	1	0	3	0
      397	2026-07-13 18:12:54	1	0	3	0
      411	2026-07-13 18:31:27	1	1	1	0
      419	2026-07-13 18:31:51	1	1	1	0
      418	2026-07-13 18:32:00	1	1	1	0
      378	2026-07-13 18:34:12	1	1	3	0
      397	2026-07-13 18:35:27	1	1	3	0
       75	2026-07-13 18:35:50	1	1	1	0
      378	2026-07-14 09:23:42	1	0	3	0
      418	2026-07-14 09:23:48	1	0	1	0
      419	2026-07-14 09:23:54	1	0	1	0
      363	2026-07-14 09:25:58	1	0	1	0
      363	2026-07-14 09:26:00	1	0	1	0
      411	2026-07-14 09:28:11	1	0	1	0
      397	2026-07-14 09:33:53	1	0	3	0
      378	2026-07-14 09:39:50	1	0	3	0
       75	2026-07-14 09:39:54	1	0	1	0
      411	2026-07-14 09:43:38	1	0	1	0
      363	2026-07-14 09:46:36	1	0	1	0
      397	2026-07-14 10:01:20	1	1	3	0
      397	2026-07-14 10:02:59	1	0	3	0
       75	2026-07-14 10:54:16	1	0	1	0
      378	2026-07-14 11:48:58	1	0	1	0
       75	2026-07-14 11:56:49	1	0	1	0
      378	2026-07-14 12:31:10	1	0	3	0
      378	2026-07-14 13:12:52	1	0	3	0
      378	2026-07-14 13:14:22	1	0	3	0
       75	2026-07-14 13:22:50	1	0	1	0
      378	2026-07-14 13:25:15	1	0	3	0
      411	2026-07-14 13:27:39	1	0	1	0
      378	2026-07-14 13:29:30	1	1	3	0
      411	2026-07-14 13:37:46	1	0	1	0
      397	2026-07-14 13:59:26	1	1	3	0
      378	2026-07-14 14:04:35	1	0	3	0
      378	2026-07-14 14:06:14	1	0	1	0
      378	2026-07-14 14:14:33	1	0	3	0
      397	2026-07-14 14:33:17	1	0	3	0
       75	2026-07-14 15:07:27	1	0	1	0
      378	2026-07-14 15:48:59	1	0	1	0
      378	2026-07-14 16:34:49	1	0	1	0
      378	2026-07-14 17:36:57	1	0	3	0
      411	2026-07-14 18:31:47	1	1	1	0
      419	2026-07-14 18:33:11	1	1	1	0
      418	2026-07-14 18:33:15	1	1	1	0
      378	2026-07-14 18:33:58	1	1	3	0
      397	2026-07-14 18:45:09	1	1	3	0
      378	2026-07-15 09:27:56	1	0	3	0
      411	2026-07-15 09:29:34	1	0	1	0
      397	2026-07-15 09:33:20	1	0	3	0
      419	2026-07-15 09:34:22	1	0	1	0
      418	2026-07-15 09:34:27	1	0	1	0
      363	2026-07-15 09:35:23	1	0	1	0
      363	2026-07-15 09:35:25	1	0	1	0
       75	2026-07-15 09:40:55	1	0	1	0
       75	2026-07-15 10:13:38	1	0	1	0
      411	2026-07-15 11:13:25	1	0	1	0
      378	2026-07-15 11:34:12	1	0	3	0
      378	2026-07-15 12:02:36	1	0	3	0
      378	2026-07-15 12:07:01	1	0	1	0
      378	2026-07-15 12:50:22	1	0	3	0
       75	2026-07-15 12:52:11	1	0	1	0
      411	2026-07-15 12:58:19	1	0	1	0
      411	2026-07-15 13:02:22	1	0	1	0
      378	2026-07-15 13:29:14	1	1	3	0
      411	2026-07-15 13:30:44	1	0	1	0
      397	2026-07-15 13:59:33	1	1	3	0
       75	2026-07-15 14:07:15	1	1	1	0
      378	2026-07-15 14:18:23	1	1	3	0
      397	2026-07-15 14:26:35	1	0	3	0
       75	2026-07-15 15:31:54	1	0	1	0
      378	2026-07-15 18:23:03	1	0	1	0
      419	2026-07-15 18:32:32	1	1	1	0
      418	2026-07-15 18:32:38	1	1	1	0
      411	2026-07-15 18:32:41	1	1	1	0
      378	2026-07-15 18:35:00	1	1	3	0
       75	2026-07-15 18:36:30	1	1	1	0
      397	2026-07-15 18:40:25	1	1	3	0
      378	2026-07-16 09:23:06	1	0	3	0
      418	2026-07-16 09:23:14	1	0	1	0
      419	2026-07-16 09:23:19	1	0	1	0
       75	2026-07-16 09:23:24	1	0	1	0
      363	2026-07-16 09:33:01	1	0	1	0
      363	2026-07-16 09:33:02	1	0	1	0
      397	2026-07-16 09:33:57	1	0	3	0
      411	2026-07-16 09:36:17	1	0	1	0
      378	2026-07-16 09:51:05	1	0	3	0
      411	2026-07-16 11:58:22	1	0	1	0
       75	2026-07-16 12:11:15	1	0	1	0
      378	2026-07-16 12:18:24	1	0	3	0
      411	2026-07-16 12:46:53	1	0	1	0
      378	2026-07-16 12:52:35	1	0	3	0
       75	2026-07-16 13:08:41	1	0	1	0
      378	2026-07-16 13:11:50	1	0	3	0
      363	2026-07-16 13:22:20	1	0	1	0
      378	2026-07-16 13:30:05	1	1	3	0
      411	2026-07-16 13:51:50	1	0	1	0
      397	2026-07-16 13:59:18	1	1	3	0
      378	2026-07-16 14:10:00	1	0	3	0
      378	2026-07-16 14:26:51	1	0	3	0
      397	2026-07-16 14:29:35	1	0	3	0
       75	2026-07-16 14:42:09	1	0	1	0
      378	2026-07-16 14:45:50	1	0	3	0
      411	2026-07-16 15:00:19	1	0	1	0
      378	2026-07-16 16:15:52	1	0	3	0
      378	2026-07-16 17:20:04	1	0	3	0
      378	2026-07-16 18:03:28	1	0	3	0
      378	2026-07-16 18:05:08	1	0	1	0
      378	2026-07-16 18:05:09	1	0	1	0
      378	2026-07-16 18:26:07	1	0	3	0
      411	2026-07-16 18:31:01	1	1	1	0
      419	2026-07-16 18:31:37	1	1	1	0
      418	2026-07-16 18:31:45	1	1	1	0
       75	2026-07-16 18:34:53	1	1	1	0
      378	2026-07-16 18:35:14	1	1	3	0
      397	2026-07-16 18:36:55	1	1	3	0
      378	2026-07-17 09:22:05	1	0	3	0
      418	2026-07-17 09:22:18	1	0	1	0
      419	2026-07-17 09:22:25	1	0	1	0
      418	2026-07-17 09:22:49	1	0	1	0
      363	2026-07-17 09:30:57	1	0	1	0
      363	2026-07-17 09:30:59	1	0	1	0
      397	2026-07-17 09:34:20	1	0	3	0
       75	2026-07-17 09:44:35	1	0	1	0
      411	2026-07-17 09:47:21	1	0	1	0
      397	2026-07-17 09:56:26	1	1	3	0
      397	2026-07-17 09:57:25	1	0	3	0
      378	2026-07-17 11:36:42	1	0	3	0
      378	2026-07-17 12:17:36	1	0	3	0
      378	2026-07-17 12:23:07	1	0	1	0
      378	2026-07-17 12:44:43	1	0	3	0
      397	2026-07-17 13:10:29	1	1	3	0
      397	2026-07-17 13:12:42	1	0	3	0
      378	2026-07-17 13:27:05	1	1	3	0
      378	2026-07-17 13:29:16	1	1	3	0
      411	2026-07-17 13:35:12	1	0	1	0
      397	2026-07-17 14:00:12	1	0	3	0
      397	2026-07-17 14:00:25	1	1	3	0
      378	2026-07-17 14:42:24	1	0	3	0
      378	2026-07-17 15:02:26	1	0	3	0
      378	2026-07-17 15:16:24	1	0	3	0
      418	2026-07-17 15:19:55	1	0	1	0
      418	2026-07-17 15:21:33	1	0	1	0
      378	2026-07-17 16:03:25	1	0	3	0
      418	2026-07-17 16:22:07	1	1	1	0
      411	2026-07-17 16:22:16	1	1	1	0
      378	2026-07-17 16:55:32	1	1	3	0
       75	2026-07-17 16:57:17	1	1	1	0
      397	2026-07-17 17:35:59	1	1	3	0
      397	2026-07-17 17:44:54	1	0	3	0
      411	2026-07-17 18:31:13	1	1	1	0
      418	2026-07-17 18:32:02	1	1	1	0
      419	2026-07-17 18:32:07	1	1	1	0
      378	2026-07-17 18:35:42	1	1	3	0
      397	2026-07-17 18:36:34	1	1	3	0
       75	2026-07-17 18:43:38	1	1	1	0
       75	2026-07-18 10:10:24	1	0	1	0
       75	2026-07-18 10:29:40	1	0	1	0
        1	2026-07-18 10:37:06	1	0	1	0
       75	2026-07-18 11:00:49	1	0	1	0
       75	2026-07-18 11:27:03	1	0	1	0
       75	2026-07-18 11:34:32	1	0	1	0
      378	2026-07-20 09:22:58	1	0	3	0
      363	2026-07-20 09:25:31	1	0	1	0
      363	2026-07-20 09:25:32	1	0	1	0
      397	2026-07-20 09:32:43	1	0	3	0
       75	2026-07-20 09:40:40	1	0	1	0
      418	2026-07-20 10:07:44	1	0	1	0
      419	2026-07-20 10:07:49	1	0	1	0
       75	2026-07-20 10:08:20	1	0	1	0
      378	2026-07-20 10:40:29	1	0	3	0
       75	2026-07-20 12:51:49	1	4	1	0
       75	2026-07-20 12:51:56	1	0	1	0
      378	2026-07-20 12:57:38	1	0	1	0
      378	2026-07-20 13:30:08	1	1	3	0
      397	2026-07-20 14:00:14	1	1	3	0
      378	2026-07-20 14:04:18	1	0	3	0
      419	2026-07-20 14:21:19	1	1	1	0
      418	2026-07-20 14:21:25	1	1	1	0
      418	2026-07-20 14:27:51	1	0	1	0
      419	2026-07-20 14:27:56	1	0	1	0
      397	2026-07-20 14:30:03	1	0	3	0
      378	2026-07-20 16:20:25	1	0	3	0
      378	2026-07-20 17:02:56	1	0	3	0
      378	2026-07-20 17:21:47	1	0	3	0
      419	2026-07-20 18:32:41	1	1	1	0
      418	2026-07-20 18:32:50	1	1	1	0
       75	2026-07-20 18:46:00	1	1	1	0
      397	2026-07-20 18:48:48	1	1	3	0
      378	2026-07-21 09:23:34	1	0	3	0
      363	2026-07-21 09:25:10	1	0	1	0
      363	2026-07-21 09:25:11	1	0	1	0
      418	2026-07-21 09:32:22	1	0	1	0
      419	2026-07-21 09:32:27	1	0	1	0
      411	2026-07-21 09:39:51	1	0	1	0
       75	2026-07-21 09:40:34	1	0	1	0
      397	2026-07-21 09:57:47	1	0	3	0
       75	2026-07-21 10:08:10	1	0	1	0
      378	2026-07-21 10:39:15	1	0	3	0
      378	2026-07-21 11:43:45	1	0	3	0
      378	2026-07-21 11:57:55	1	0	3	0
       75	2026-07-21 12:08:59	1	0	1	0
      378	2026-07-21 12:21:44	1	0	3	0
      378	2026-07-21 12:42:01	1	0	3	0
      378	2026-07-21 12:48:14	1	0	3	0
       75	2026-07-21 12:50:44	1	0	1	0
      378	2026-07-21 12:52:37	1	0	3	0
      418	2026-07-21 13:11:40	1	1	1	0
      418	2026-07-21 13:13:35	1	0	1	0
      378	2026-07-21 13:30:19	1	1	3	0
      411	2026-07-21 13:36:56	1	0	1	0
      397	2026-07-21 13:59:23	1	1	3	0
      378	2026-07-21 14:07:40	1	0	3	0
      397	2026-07-21 14:30:09	1	0	3	0
       75	2026-07-21 14:48:34	1	0	1	0
      378	2026-07-21 15:17:01	1	0	3	0
      378	2026-07-21 17:08:39	1	0	3	0
       75	2026-07-21 17:15:40	1	0	1	0
      378	2026-07-21 17:18:20	1	0	1	0
      411	2026-07-21 18:31:13	1	1	1	0
      397	2026-07-21 18:31:28	1	1	3	0
      418	2026-07-21 18:31:43	1	1	1	0
      419	2026-07-21 18:31:48	1	1	1	0
      378	2026-07-21 18:32:00	1	1	3	0
      378	2026-07-22 09:26:50	1	0	3	0
      411	2026-07-22 09:27:34	1	0	1	0
      363	2026-07-22 09:28:22	1	0	1	0
      363	2026-07-22 09:28:24	1	0	1	0
      397	2026-07-22 09:32:05	1	0	3	0
      418	2026-07-22 09:35:32	1	0	1	0
      419	2026-07-22 09:35:39	1	0	1	0
      397	2026-07-22 10:25:15	1	0	3	0
      397	2026-07-22 10:31:29	1	0	3	0
      419	2026-07-22 11:53:53	1	0	1	0
      378	2026-07-22 12:46:25	1	0	1	0
      378	2026-07-22 13:30:04	1	1	3	0
      397	2026-07-22 13:59:23	1	1	3	0
      411	2026-07-22 14:02:39	1	0	1	0
      378	2026-07-22 14:04:20	1	0	3	0
      378	2026-07-22 14:17:39	1	0	1	0
      378	2026-07-22 14:17:40	1	0	1	0
      397	2026-07-22 14:31:05	1	0	3	0
      411	2026-07-22 14:35:49	1	0	1	0
      378	2026-07-22 14:49:06	1	0	1	0
      378	2026-07-22 16:36:06	1	0	3	0
      378	2026-07-22 18:12:34	1	0	1	0
      378	2026-07-22 18:12:35	1	0	1	0
      397	2026-07-22 18:30:37	1	1	3	0
      418	2026-07-22 18:30:51	1	1	1	0
      411	2026-07-22 18:30:57	1	0	1	0
      411	2026-07-22 18:31:05	1	1	1	0
      419	2026-07-22 18:31:10	1	1	1	0
      378	2026-07-22 18:31:16	1	1	3	0
      378	2026-07-23 09:19:08	1	0	3	0
      418	2026-07-23 09:20:06	1	0	1	0
      419	2026-07-23 09:24:59	1	0	1	0
      397	2026-07-23 09:32:27	1	0	3	0
      363	2026-07-23 09:37:43	1	0	1	0
      411	2026-07-23 09:45:20	1	0	1	0
       75	2026-07-23 09:48:59	1	0	1	0
       75	2026-07-23 11:32:03	1	0	1	0
      378	2026-07-23 12:08:21	1	0	3	0
       75	2026-07-23 12:21:11	1	0	1	0
       75	2026-07-23 12:29:44	1	0	1	0
      378	2026-07-23 12:45:51	1	0	3	0
      378	2026-07-23 13:25:04	1	0	3	0
      378	2026-07-23 13:30:04	1	1	3	0
      411	2026-07-23 13:57:10	1	1	1	0
      397	2026-07-23 13:59:18	1	1	3	0
      378	2026-07-23 14:07:57	1	0	3	0
      397	2026-07-23 14:31:09	1	0	3	0
       75	2026-07-23 16:24:23	1	0	1	0
       75	2026-07-23 16:24:55	1	0	1	0
       75	2026-07-23 16:25:52	1	0	1	0
       75	2026-07-23 16:26:35	1	0	1	0
      378	2026-07-23 16:31:26	1	0	1	0
      378	2026-07-23 17:25:34	1	0	3	0
      378	2026-07-23 17:55:31	1	0	1	0
      411	2026-07-23 18:31:08	1	1	1	0
      418	2026-07-23 18:31:37	1	1	1	0
      419	2026-07-23 18:31:42	1	1	1	0
      378	2026-07-23 18:32:20	1	1	3	0
      397	2026-07-23 18:32:29	1	1	3	0
      378	2026-07-24 09:29:10	1	0	3	0
      418	2026-07-24 09:29:17	1	0	1	0
      419	2026-07-24 09:29:25	1	0	1	0
      411	2026-07-24 09:29:32	1	0	1	0
      378	2026-07-24 09:32:43	1	0	3	0
      397	2026-07-24 09:33:47	1	0	3	0
       75	2026-07-24 09:38:35	1	0	1	0
      378	2026-07-24 09:50:06	1	0	3	0
      378	2026-07-24 09:57:41	1	0	3	0
      378	2026-07-24 10:20:01	1	0	3	0
       75	2026-07-24 10:54:34	1	0	1	0
      378	2026-07-24 12:13:26	1	0	3	0
      378	2026-07-24 12:14:31	1	0	3	0
      378	2026-07-24 13:01:00	1	0	3	0
      378	2026-07-24 13:30:07	1	1	3	0
      397	2026-07-24 13:59:30	1	1	3	0
      411	2026-07-24 14:00:03	1	0	1	0
      419	2026-07-24 14:01:49	1	0	1	0
       75	2026-07-24 14:02:38	1	0	1	0
      378	2026-07-24 14:09:02	1	0	3	0
      397	2026-07-24 14:29:44	1	0	3	0
      378	2026-07-24 15:12:55	1	0	1	0
      378	2026-07-24 15:17:20	1	0	1	0
       75	2026-07-24 15:45:01	1	0	1	0
      378	2026-07-24 16:01:56	1	0	1	0
      397	2026-07-24 16:38:49	1	1	3	0
      397	2026-07-24 16:40:17	1	0	3	0
      411	2026-07-24 18:31:00	1	1	1	0
      397	2026-07-24 18:31:26	1	1	3	0
      418	2026-07-24 18:31:31	1	1	1	0
      419	2026-07-24 18:31:35	1	1	1	0
       75	2026-07-24 18:31:43	1	1	1	0
      378	2026-07-24 18:34:26	1	1	3	0
      419	2026-07-25 09:26:36	1	0	1	0
      378	2026-07-25 09:26:58	1	0	3	0
      418	2026-07-25 09:27:07	1	0	1	0
      411	2026-07-25 09:28:55	1	0	1	0
      397	2026-07-25 09:33:42	1	0	3	0
      411	2026-07-25 09:41:20	1	0	1	0
      378	2026-07-25 10:35:28	1	0	3	0
      378	2026-07-25 13:28:42	1	0	3	0
      411	2026-07-25 14:02:28	1	1	1	0
      378	2026-07-25 14:02:34	1	1	3	0
      419	2026-07-25 14:02:40	1	1	1	0
      418	2026-07-25 14:02:45	1	1	1	0
      397	2026-07-25 14:03:14	1	1	3	0
      378	2026-07-27 09:11:24	1	0	3	0
      418	2026-07-27 09:11:58	1	0	1	0
      419	2026-07-27 09:12:04	1	0	1	0
      378	2026-07-27 09:27:33	1	0	3	0
      363	2026-07-27 09:27:52	1	0	1	0
      363	2026-07-27 09:27:54	1	0	1	0
      397	2026-07-27 09:34:36	1	0	3	0
      411	2026-07-27 09:35:12	1	0	1	0
       75	2026-07-27 09:49:32	1	0	1	0
      363	2026-07-27 11:15:09	1	0	1	0
      397	2026-07-27 11:41:10	1	1	3	0
      397	2026-07-27 11:47:34	1	0	3	0
       75	2026-07-27 11:51:37	1	0	1	0
       75	2026-07-27 11:51:44	1	1	1	0
       75	2026-07-27 12:09:26	1	1	1	0
      378	2026-07-27 12:18:24	1	1	3	0
       75	2026-07-27 12:23:20	1	1	1	0
      378	2026-07-27 12:33:38	1	1	3	0
      378	2026-07-27 12:58:35	1	0	3	0
      378	2026-07-27 13:26:26	1	0	1	0
      378	2026-07-27 13:30:04	1	1	3	0
      397	2026-07-27 13:59:23	1	1	3	0
      418	2026-07-27 13:59:45	1	1	1	0
      411	2026-07-27 14:00:11	1	0	1	0
      378	2026-07-27 14:11:31	1	0	3	0
      378	2026-07-27 14:17:43	1	0	3	0
      418	2026-07-27 14:29:33	1	0	1	0
      397	2026-07-27 14:29:44	1	0	3	0
      378	2026-07-27 14:32:54	1	0	3	0
      397	2026-07-27 14:43:20	1	1	3	0
      397	2026-07-27 14:47:54	1	0	3	0
       75	2026-07-27 14:54:48	1	0	1	0
      363	2026-07-27 15:00:50	1	0	1	0
      378	2026-07-27 15:09:36	1	0	3	0
       75	2026-07-27 15:31:24	1	0	1	0
      378	2026-07-27 16:40:29	1	0	3	0
      378	2026-07-27 18:11:38	1	0	3	0
      411	2026-07-27 18:31:35	1	1	1	0
      418	2026-07-27 18:32:41	1	1	1	0
      419	2026-07-27 18:32:47	1	1	1	0
      378	2026-07-27 18:34:12	1	1	3	0
       75	2026-07-27 18:39:44	1	1	1	0
      397	2026-07-27 18:39:52	1	1	3	0
      378	2026-07-28 09:19:45	1	0	3	0
      419	2026-07-28 09:19:53	1	0	1	0
      418	2026-07-28 09:20:19	1	0	1	0
      411	2026-07-28 09:22:12	1	0	1	0
      363	2026-07-28 09:28:13	1	0	1	0
      363	2026-07-28 09:28:14	1	0	1	0
      397	2026-07-28 09:32:08	1	0	3	0
       75	2026-07-28 09:40:36	1	0	1	0
      378	2026-07-28 09:45:48	1	0	3	0
       75	2026-07-28 09:47:27	1	0	1	0
      378	2026-07-28 10:34:32	1	0	3	0
       75	2026-07-28 10:43:51	1	0	1	0
      378	2026-07-28 10:47:12	1	0	3	0
      378	2026-07-28 11:18:12	1	0	3	0
      378	2026-07-28 11:50:34	1	0	1	0
      378	2026-07-28 13:29:28	1	1	3	0
      397	2026-07-28 13:59:23	1	1	3	0
      411	2026-07-28 14:00:10	1	0	1	0
      378	2026-07-28 14:10:01	1	0	3	0
      397	2026-07-28 14:30:52	1	0	3	0
      378	2026-07-28 15:04:43	1	0	1	0
      378	2026-07-28 16:18:50	1	0	3	0
      411	2026-07-28 18:31:07	1	1	1	0
      418	2026-07-28 18:31:43	1	1	1	0
      419	2026-07-28 18:31:49	1	1	1	0
      378	2026-07-28 18:32:41	1	1	1	0
       75	2026-07-28 18:33:59	1	1	1	0
      397	2026-07-28 18:38:24	1	1	3	0
      378	2026-07-29 09:19:50	1	0	3	0
      363	2026-07-29 09:29:54	1	0	1	0
      363	2026-07-29 09:29:55	1	0	1	0
      378	2026-07-29 09:35:24	1	0	3	0
      411	2026-07-29 09:36:50	1	0	1	0
      418	2026-07-29 09:37:59	1	0	1	0
      419	2026-07-29 09:38:04	1	0	1	0
       75	2026-07-29 09:45:15	1	0	1	0
      397	2026-07-29 09:55:54	1	0	3	0
      397	2026-07-29 10:44:35	1	1	3	0
      397	2026-07-29 10:50:10	1	0	3	0
      378	2026-07-29 11:51:44	1	0	3	0
       75	2026-07-29 12:05:54	1	0	1	0
      378	2026-07-29 12:11:34	1	0	3	0
      378	2026-07-29 12:18:22	1	0	3	0
      363	2026-07-29 12:52:13	1	0	1	0
      378	2026-07-29 13:25:18	1	0	3	0
      378	2026-07-29 13:30:03	1	1	3	0
      411	2026-07-29 13:59:05	1	0	1	0
      397	2026-07-29 13:59:22	1	1	3	0
      378	2026-07-29 14:03:41	1	0	3	0
      378	2026-07-29 14:24:13	1	0	3	0
      397	2026-07-29 14:30:14	1	0	3	0
      378	2026-07-29 15:46:31	1	0	3	0
      378	2026-07-29 16:05:52	1	0	3	0
      378	2026-07-29 16:47:24	1	0	3	0
      378	2026-07-29 17:31:50	1	0	3	0
      378	2026-07-29 17:42:04	1	0	3	0
      378	2026-07-29 17:49:55	1	0	3	0
      411	2026-07-29 18:31:15	1	1	1	0
      419	2026-07-29 18:31:49	1	1	1	0
      418	2026-07-29 18:31:58	1	1	1	0
       75	2026-07-29 18:32:17	1	1	1	0
      378	2026-07-29 18:33:11	1	1	3	0
       75	2026-07-29 18:33:54	1	1	1	0
      397	2026-07-29 18:36:14	1	1	3	0
      378	2026-07-30 09:20:35	1	0	3	0
      419	2026-07-30 09:21:36	1	0	1	0
      418	2026-07-30 09:22:04	1	0	1	0
      411	2026-07-30 09:28:35	1	0	1	0
      363	2026-07-30 09:30:02	1	0	1	0
      363	2026-07-30 09:30:04	1	0	1	0
      397	2026-07-30 09:34:07	1	0	3	0
      378	2026-07-30 09:47:18	1	0	3	0
       75	2026-07-30 09:54:10	1	0	1	0
      411	2026-07-30 11:13:49	1	0	1	0
      397	2026-07-30 11:21:33	1	1	3	0
      397	2026-07-30 11:24:07	1	0	3	0
       75	2026-07-30 11:44:50	1	0	1	0
       75	2026-07-30 11:44:55	1	0	1	0
       75	2026-07-30 12:11:26	1	0	1	0
      363	2026-07-30 12:19:01	1	0	1	0
      378	2026-07-30 12:29:35	1	0	1	0
      363	2026-07-30 12:30:45	1	0	1	0
      378	2026-07-30 12:44:48	1	0	3	0
      378	2026-07-30 13:27:43	1	0	3	0
      378	2026-07-30 13:30:06	1	1	3	0
      397	2026-07-30 13:59:20	1	1	3	0
      378	2026-07-30 14:14:21	1	0	3	0
      397	2026-07-30 14:28:46	1	0	3	0
      411	2026-07-30 15:35:52	1	0	1	0
      378	2026-07-30 16:47:43	1	0	1	0
      397	2026-07-30 17:08:51	1	1	3	0
      397	2026-07-30 17:11:08	1	0	3	0
      397	2026-07-30 17:11:17	1	0	3	0
      378	2026-07-30 17:57:51	1	0	1	0
      411	2026-07-30 18:30:59	1	1	1	0
      418	2026-07-30 18:32:21	1	1	1	0
      419	2026-07-30 18:32:26	1	1	1	0
      378	2026-07-30 18:34:34	1	1	3	0
       75	2026-07-30 18:36:50	1	1	1	0
      378	2026-07-31 09:26:09	1	0	3	0
      411	2026-07-31 09:28:12	1	0	1	0
      419	2026-07-31 09:30:31	1	0	1	0
      418	2026-07-31 09:30:39	1	0	1	0
      363	2026-07-31 09:31:16	1	0	1	0
      363	2026-07-31 09:31:18	1	0	1	0
      397	2026-07-31 09:33:33	1	0	3	0
      378	2026-07-31 09:38:45	1	0	3	0
       75	2026-07-31 09:55:48	1	0	1	0
      378	2026-07-31 10:03:34	1	0	3	0
      378	2026-07-31 10:42:38	1	0	3	0
      411	2026-07-31 11:20:48	1	0	1	0
      378	2026-07-31 11:41:36	1	0	3	0
      363	2026-07-31 12:04:06	1	0	1	0
      378	2026-07-31 12:17:07	1	0	3	0
      378	2026-07-31 13:30:16	1	1	3	0
      397	2026-07-31 13:59:58	1	1	3	0
      411	2026-07-31 14:00:06	1	0	1	0
      378	2026-07-31 14:13:18	1	0	3	0
      378	2026-07-31 14:21:59	1	0	1	0
      397	2026-07-31 14:24:44	1	0	3	0
      378	2026-07-31 17:07:20	1	0	3	0
      378	2026-07-31 17:44:58	1	0	3	0
      378	2026-07-31 18:09:48	1	0	3	0
      411	2026-07-31 18:31:35	1	1	1	0
      419	2026-07-31 18:32:44	1	1	1	0
      418	2026-07-31 18:32:57	1	1	1	0
      378	2026-07-31 18:33:24	1	1	3	0
       75	2026-07-31 18:35:46	1	1	1	0
      397	2026-07-31 18:36:46	1	1	3	0
